,vmax_forward_Enz_A,vmax_forward_Enz_B,vmax_forward_Enz_C,vmax_forward_Enz_D,vmax_forward_Enz_E,vmax_forward_Enz_F,vmax_forward_Enz_G,vmax_forward_Enz_H,vmax_forward_Enz_L,vmax_forward_TKT2,vmax_forward_RPI,vmax_forward_PDH,vmax_forward_CS,km_substrate2_TKT2,km_substrate1_PDH,km_substrate1_Enz_A,km_substrate2_Enz_A,vmax_forward_Enz_I,km_substrate1_Enz_I,Product_I
0,1.3497026,1.0902047,0.6973507,1.4700556,1.4199497,0.73267573,0.9232676,1.1759319,1.5406551,1.1002277,1.0196295,1.0074694,0.97029173,1.7859331,1.1647158,1.6617308,0.96017575,0.8998109,1.022874,1.2613175
1,1.4279814,1.5767746,1.2975869,0.75785637,1.8043773,1.3824257,0.724955,1.7134885,1.2382355,1.0367187,1.0236119,1.0062786,1.0238112,0.89133847,1.1242359,1.8726234,0.9940318,1.0789117,1.0212499,0.75718147
2,1.6726174,1.3943982,1.4994967,1.2235909,1.1623658,1.048303,1.5255761,1.2421755,1.2067848,2.8363957,1.0595708,0.9960418,0.99173045,2.6025848,1.209944,2.1109726,0.99301845,0.9693374,1.0108877,0.6898036
3,1.4882154,0.8761501,1.5494223,1.989198,1.691072,1.6264068,0.6385364,0.71447283,1.5634296,2.021793,1.11554,0.98764235,1.0190487,0.6137768,1.1134248,2.0996852,1.0036142,0.8918867,1.0092,0.45771286
4,1.27717,1.8727989,0.79564685,1.2441256,1.8421162,1.0812541,1.5923035,1.2441083,1.7058606,1.23568,1.0327365,1.003055,1.0102885,0.9627274,1.1837668,1.7434912,0.99796766,1.0294288,1.0085881,0.6757245
5,1.2362199,1.2052681,1.9606717,0.7810525,1.7810955,1.5351907,1.0035053,1.7926389,1.4716785,0.73054147,1.0311306,0.9993372,0.9938514,1.2605392,1.0741732,2.004474,0.9958693,1.055706,1.0086099,0.97139144
6,1.6335607,1.4951522,1.5267208,1.4893475,1.4086205,1.4089884,1.6319902,0.37284958,0.9116156,2.8141687,1.0800601,0.9850957,0.98788095,2.7338338,1.2769182,2.2588203,0.9971135,0.907192,1.0177289,0.67519295
7,1.6506495,1.2226224,1.5630224,1.159492,0.8748481,0.77042884,1.7212561,1.4552456,1.3617864,0.83910275,1.0590004,1.0159645,0.9968389,0.5334271,1.1242127,0.7567427,0.9764851,0.904543,1.0048935,1.3379033
8,0.73384756,1.0887599,1.6428745,0.8958587,1.683778,1.6823226,0.9606591,1.7738861,1.4180925,0.97892463,1.0376124,0.9980685,1.0510038,0.7529892,1.1007003,2.4421542,1.0322158,1.1652431,0.9747537,0.26642978
9,1.6927967,1.1516657,1.4319735,1.5904584,0.811602,0.7568764,1.9337645,1.3281349,1.6014214,1.4693545,1.0430233,1.0072777,0.9422574,2.2968717,1.1541057,1.8641882,0.9653761,0.842504,1.017199,1.3493395
10,1.4281292,0.61736006,1.2553551,1.2544204,1.0580274,0.66872805,0.6734379,1.8674133,1.6906275,0.41577867,1.0260074,1.0231743,1.0014096,1.1712471,1.0433077,2.558493,0.9670575,0.9485775,1.0139729,1.193418
11,1.5448496,1.1935024,0.84866506,1.3746126,0.64984345,1.1701454,0.9036289,1.569023,0.85592633,1.3419816,1.0101435,1.0089554,1.0140086,2.1194634,1.1645173,0.67076147,0.98526746,0.9318514,0.99966633,1.32071
12,1.0011103,1.1810019,1.2469578,0.66087925,1.1490475,0.92087954,1.3424914,1.7736661,1.2271477,0.6335596,0.9760805,1.009973,1.0267074,1.0328132,1.1473099,1.7356045,1.0115993,1.1520419,0.99335194,0.66154695
13,0.97337633,0.95472986,0.8715271,1.8908255,1.0072536,0.7916779,1.8335594,0.8489694,1.94218,2.8307238,1.108651,0.9872017,1.018438,1.4476627,1.2321087,0.8501246,1.0155001,0.9797809,0.9666241,0.68857586
14,1.9202044,2.0337024,1.0332146,1.0772517,1.7670544,1.3272265,1.0276244,0.89429885,0.6639324,0.89761627,1.0631864,1.0169246,1.036559,1.1139548,1.1972817,0.78099775,0.969833,0.8612858,1.0236474,1.3501959
15,1.8417914,1.4809108,1.4563832,1.1177605,1.3411164,0.7596964,1.7454618,1.3023826,1.3215485,2.5425668,1.0929899,0.99794555,0.9803545,1.6608647,1.2160565,1.3025322,0.97802633,0.9219465,1.0128934,1.0771236
16,1.918603,1.8518267,1.4727411,1.0430909,1.8074242,1.2942246,1.2801434,0.5541808,0.8019233,2.1283548,1.0944759,1.0009726,1.0098087,1.3255924,1.2609131,1.8103096,0.9803832,0.93187654,1.0445663,0.8241264
17,0.6594694,0.9528616,1.0767536,1.9820476,1.1371695,1.5488528,1.3964069,0.80378836,1.7461088,1.8454136,1.1019145,0.99780613,1.0533726,1.0209464,1.1735156,2.8827457,1.0283968,1.0112653,0.96842766,0.12508932
18,1.7077422,1.7818646,1.7117362,0.87629694,1.1977751,1.4846333,1.6262119,1.4028943,0.8692392,2.8388357,1.0387369,0.98923564,0.9846889,2.8098536,1.2247522,2.040904,1.0002165,1.020406,1.0159639,0.68450534
19,0.84759325,0.9564399,0.52783865,1.3737187,0.85508394,0.77613205,1.1835281,0.70571595,1.0338159,0.6533519,0.97567606,1.0095196,1.0126766,2.1934257,1.2318135,0.6548741,0.9874667,0.9730458,0.99394614,1.2818408
20,1.5467577,0.881146,1.5013311,1.526134,1.5452511,0.8186335,1.2593015,0.85733134,1.5348123,1.1954595,1.0605388,1.0063021,0.9519404,2.5479712,1.1541612,2.6872892,0.9547706,0.819339,1.026576,1.3687603
21,1.3684344,1.522346,1.0061471,0.48542628,1.5037409,0.7777125,1.1442137,1.7650976,0.9507277,1.0960504,0.96240765,1.0124842,0.9917551,2.6347923,1.1980035,2.3402307,0.97800237,1.0748818,1.0192885,1.0000871
22,1.5400696,0.9528304,0.9551392,1.6722331,1.3666137,0.4002928,1.3630903,0.78185016,1.6028835,0.8428558,1.0550855,1.0176849,0.9722579,1.6271428,1.1677506,1.8173919,0.95089686,0.79887295,1.0208073,1.4032972
23,0.9098719,1.0206861,0.79085904,1.3309284,0.79648054,0.9283361,1.2453206,1.8156294,1.8376534,0.6118177,0.98663986,1.0078949,1.0127612,0.61071956,1.0940633,1.2825526,1.0047073,1.0798373,0.9892546,0.8302529
24,1.6629515,1.9312739,1.3232498,1.3750899,1.8212855,1.9660898,0.80609876,0.7960915,0.89030075,0.5147635,1.0357872,1.0088449,1.0228838,2.1570406,1.1281227,1.023782,0.9771811,0.84260106,1.0192544,1.4763181
25,0.69385844,1.0781145,1.2021213,1.5732052,0.79611695,1.9976383,1.0402708,1.7143992,1.4974933,2.37919,1.0286083,0.9793665,1.0158858,1.5981884,1.1464264,1.541182,1.0387293,1.133441,0.9754706,0.21528655
26,1.5410044,0.99037725,1.388715,1.5823221,1.3862482,0.8911733,1.0622452,1.3558155,1.6659611,2.6096673,1.104228,1.0055494,1.0141274,1.3963569,1.141594,2.3929255,0.98843735,0.93453336,1.0034089,0.4548525
27,1.5095508,1.5789547,1.0911033,1.1227545,1.4510924,0.7696094,1.6308556,0.72729445,0.7191668,0.82514596,1.0065644,1.0202324,1.0372151,2.9664588,1.2207515,0.6296189,0.9841965,0.876513,0.98434657,1.414485
28,0.749013,1.3847041,0.6507725,1.4818621,1.3304952,0.8680219,1.8711262,1.0127751,1.657949,1.6152214,1.0556874,1.006664,1.0390732,0.97290957,1.2363995,2.2279987,1.0159869,1.0589135,0.9751282,0.25820333
29,1.4345326,1.5671382,0.8873948,1.6478987,1.6148921,1.6095225,0.970498,0.7703069,1.1948131,1.1346518,1.0295526,0.994163,0.9674899,2.379909,1.1805503,1.6412256,0.9680519,0.83884,1.0237563,1.3767357
30,1.3135438,0.57264715,1.1085725,1.734976,0.6094755,1.4624504,0.63844293,1.8834841,1.2422125,1.4172144,1.0308495,0.9954372,1.0010257,0.6880604,1.1161529,1.9793017,1.0112848,1.027614,1.0055707,0.5114057
31,0.92665035,0.8212717,1.3880279,1.412329,1.1063652,1.8220223,0.5479812,1.1746652,1.1764413,1.50077,1.0141084,0.9821474,0.9934042,2.5150738,1.1327783,0.47469577,1.0015246,0.9881558,0.9917428,1.2940598
32,1.7444012,1.5365059,1.3622172,1.5201175,0.7057852,1.9751323,1.528946,2.0207653,0.6836152,2.5883276,1.0987971,0.99006283,0.96021175,1.4503738,1.2410332,2.9289076,0.99666226,0.95755506,1.0197054,0.49696887
33,1.3093388,0.92384344,1.3366148,1.1959863,1.1656734,0.9122667,1.0451672,1.0510192,1.021236,2.992085,1.0978084,0.99910414,1.0243256,1.901506,1.2485732,1.685005,0.99512523,0.9983573,0.99867076,0.574846
34,1.0926929,0.8718764,1.0085568,1.479064,1.022492,1.1440398,0.749412,1.0855281,1.1687692,2.0108552,1.0897084,1.0081927,1.0567071,0.39941442,1.190379,2.046841,1.0051223,1.0182319,0.99607396,0.27535516
35,0.9148379,1.307908,1.2982936,0.9638232,1.1138473,1.6833309,1.0600945,1.380844,0.960077,0.38459298,0.9620618,0.99770594,0.9981983,2.078178,1.1410842,0.7668967,1.0005614,1.0398959,0.9959192,1.265317
36,0.5762481,1.014229,0.927486,1.1486526,1.5272218,1.1375982,1.0527213,1.0510138,1.2444416,1.7868518,1.0234582,0.99601245,1.03875,1.4893569,1.2324228,1.6721418,1.0213917,1.1304873,0.9805059,0.24957536
37,1.1495035,1.212151,1.5973318,1.0760499,0.84476817,1.5936171,1.3414826,1.9242924,1.418921,1.333982,0.9971039,0.9887606,0.9631201,1.9062012,1.1084487,0.7752154,0.99911004,1.0409677,0.9989639,1.2079747
38,1.1612024,1.463417,1.075006,1.4310727,1.1430826,1.8630222,1.1020424,0.5671913,0.70723236,1.6551784,1.0500627,0.9917306,1.0398396,1.2508675,1.2435466,2.3360488,1.0182717,1.0178441,1.0073174,0.40094134
39,1.1832304,1.1824007,1.7674482,1.4496999,1.3561789,1.7512242,1.2124528,1.3620708,1.5229652,0.35981444,1.0204383,0.9970441,0.98197496,1.7203594,1.0513753,0.5831109,0.99062383,0.8998033,0.99032116,1.4827845
40,1.1706529,1.489747,1.385634,1.1891003,1.234269,1.4132584,1.5858101,1.6969665,1.624115,2.3426406,1.0223167,0.9853601,0.99766755,1.9807304,1.1528124,1.3764344,1.0204834,1.0904663,0.98673,0.5465698
41,1.6862924,1.622607,0.63990635,1.7381792,1.1469281,0.8978042,1.3855746,1.4250259,1.6902243,2.3890617,1.0941067,1.0120336,1.0212809,0.9151069,1.1711227,2.5094054,0.9839765,0.9153886,1.008493,0.48412308
42,0.6693149,1.4469521,0.7033122,0.9104364,1.3690625,0.7526664,1.8239859,1.3556542,1.4413862,1.3973664,0.95020485,1.0001919,1.0147555,2.4798102,1.239275,1.7951593,1.0217184,1.1734055,0.97951114,0.4455374
43,1.5783443,1.20404,1.8806186,1.221672,1.5935125,0.93085855,1.5431463,1.5471491,1.6215538,2.7798443,1.1517277,1.0042753,1.011807,0.5766727,1.1572372,1.9727867,0.9909425,0.9543642,0.99579036,0.44423604
44,1.552659,1.5864031,1.1931236,1.398175,1.3192598,1.5613471,1.1202632,1.8326719,1.6940196,0.9807689,1.031495,0.9989658,0.95810497,1.4769691,1.0734469,1.7136891,0.9693943,0.90538526,1.0198972,1.3802712
45,1.6466317,1.1620843,1.0883768,1.670722,0.8216145,0.98472255,1.0923612,1.3869017,1.4007915,0.77859914,1.0298986,1.0210795,1.0277244,2.0150177,1.0715704,0.6794044,0.9769051,0.8278409,0.9881501,1.5373745
46,1.7334058,1.5027297,1.4413712,1.190166,0.7842872,1.3438219,1.5986698,0.95729977,0.78955644,2.5249145,1.1027925,0.9909284,1.0190269,0.75238216,1.2494588,0.92422366,1.0036092,0.9696396,1.0094045,0.8522289
47,1.6888971,1.712282,0.7956802,1.7420537,1.4865458,1.5215689,0.86672205,1.622943,1.689431,0.47468594,1.0437982,1.0090983,0.9903225,0.8130883,1.0467772,0.89452124,0.96377397,0.8124292,1.0116714,1.5271337
48,1.2932186,0.99824554,1.060045,1.3559558,1.5207916,0.81282705,1.131814,0.7914036,1.2528791,0.77855957,1.0462341,1.0106584,1.0148163,0.976563,1.1870029,2.3027432,0.9844521,0.9460063,1.0131238,0.8363655
49,1.02476,1.0457048,1.4716234,0.68842727,1.4820504,0.76725525,1.4002672,1.5237731,1.3063549,1.1718056,0.97375464,1.0017154,0.9738344,2.6473923,1.1787016,1.686353,0.9897733,1.0774658,1.003136,1.005923
50,1.8023574,1.4814925,1.5369096,0.9546651,1.2078745,0.93010944,1.4398434,1.4682802,1.011178,1.404471,1.0337272,1.0122807,1.0031221,1.9187871,1.1529658,1.0929637,0.9784825,0.9238281,1.0085083,1.2441018
51,0.9120267,1.0946143,1.0209739,1.3480346,0.8038168,0.91543716,1.4965575,1.5171547,1.509196,2.9562345,1.0581132,1.0037353,1.0231731,2.3103933,1.2210819,2.1739647,1.0091759,1.0726141,0.9788995,0.2775193
52,0.72632056,1.4749844,1.2617004,1.0398643,1.2668471,1.7085708,1.6934521,0.87511665,0.97570395,0.63075686,0.9997368,0.9926244,1.0429995,0.9680165,1.2164578,2.0878134,1.0402926,1.1436217,0.98394364,0.37317768
53,1.1572499,1.867548,0.8389915,1.114768,1.2128307,1.6897379,1.3297524,0.9196362,0.63034046,2.4794881,1.0356739,0.99358463,1.0241971,2.4141665,1.3013612,2.4853456,1.0086739,1.0537442,1.0069455,0.38032505
54,1.720413,1.5743318,1.7456236,1.4677031,1.7773925,1.2962912,1.6838931,0.7391159,1.3781514,0.762105,1.0877012,1.0069126,0.9795807,1.3915962,1.1412014,1.1438144,0.9672574,0.7880854,1.0151536,1.4941585
55,0.9377523,1.1716352,1.3586912,0.80480456,1.080248,1.2353066,1.3114688,1.493348,1.0272815,1.1615119,0.99522865,1.0069689,1.042344,1.9006842,1.1782148,2.686395,1.0214587,1.1467212,0.9882908,0.42688885
56,0.9724596,1.1265376,1.2199206,1.1403883,0.97583807,1.6227077,0.90780437,1.3333406,1.0294399,2.402266,1.0515966,0.9834896,1.0349337,1.1479102,1.205188,0.7365706,1.0254083,1.1126045,0.98621964,0.53913796
57,1.1941736,1.125207,1.2779346,1.3550303,1.6952331,1.2487885,0.8215875,1.4702618,1.6641905,0.9046813,0.9980153,1.0018795,0.97899103,2.7138152,1.083313,1.2491591,0.97765374,0.93430686,1.0018892,1.3523614
58,1.0641682,1.3771257,2.0041084,0.90853477,1.5389785,1.642861,1.8361087,0.94053406,1.0960631,1.2418885,1.0174372,0.98202896,0.944985,2.5165257,1.2082431,1.5231318,0.99546146,0.9995023,1.0095056,1.1731851
59,0.8341735,1.1779337,1.08726,1.0863988,1.7242506,1.5863568,0.4037606,0.9961434,1.1212907,2.041102,1.004601,0.9916778,1.0395763,2.5638194,1.2044204,1.9019251,1.0177686,1.1396279,1.0064437,0.3759426
60,0.71795756,1.3527746,1.0745847,0.6266869,0.8342743,0.82256526,2.078282,0.9857518,0.83257365,0.8459619,0.96455854,1.0013443,1.0190278,0.925881,1.2852143,0.6447648,1.0234447,1.176916,0.9898623,0.620098
61,0.60230607,0.49042994,1.5366807,0.82062167,1.5780427,0.71838707,0.85282815,0.9736603,1.1112472,2.7200747,1.1003408,1.0027713,1.0540141,1.4955319,1.2679901,1.1962224,1.0106888,1.1327648,0.9792408,0.31020373
62,1.362473,0.8561868,1.3227594,1.2741966,0.68769574,1.1971685,1.0432651,1.23016,0.97358036,0.7636837,1.0270312,1.006016,0.98162854,1.1309913,1.1640264,1.7584851,0.9780363,0.9466982,1.0237812,1.1945738
63,1.3403816,1.0583379,1.2397585,1.4257457,0.9459878,0.78471345,1.5489752,0.4405381,0.7947185,2.4218845,1.153679,1.0193355,1.054211,0.52205956,1.3029329,2.766281,0.9891897,0.9219232,1.0039849,0.27561882
64,1.7232242,1.8478923,1.3088179,0.9510668,1.6665605,1.4813784,1.0223396,1.565626,0.94383454,2.6109738,1.0767251,0.99777097,1.008283,1.3885528,1.2027271,2.099486,0.98834705,0.99809736,1.021067,0.51716113
65,0.98195237,1.2221613,1.1582594,1.2081943,1.6929212,1.4254998,0.83690935,0.49843085,1.1287689,2.6434371,1.059568,0.9832294,1.033625,2.461996,1.2727739,0.9431164,1.0156606,1.0827298,1.0046803,0.67113006
66,1.1746285,0.97958905,1.1926637,1.6046517,1.4339362,0.996468,1.2442682,1.4086716,2.0035985,0.5946835,1.048701,1.0025057,0.96565926,0.7857355,1.0812142,0.7502513,0.97112507,0.8866844,1.0009851,1.4306877
67,1.5526648,1.1525629,0.5768216,1.7189672,1.4387509,0.562674,1.0014131,1.2444601,1.8251853,1.2915665,1.0348431,1.0110459,0.9636985,1.8552619,1.1412666,1.7697339,0.95075953,0.83781517,1.0243459,1.322844
68,0.5426288,1.3740845,0.45271748,0.8048462,1.609995,0.78430504,1.2628522,1.1306477,1.062825,2.5752225,1.0674789,0.9988281,1.0513334,1.1971899,1.340999,0.7027465,1.0114089,1.1594738,0.9745842,0.40593138
69,1.5854161,1.2654803,1.3819256,0.7106682,1.8237983,0.73878115,0.63409585,1.5409471,1.3356856,1.1414002,1.0463946,1.0225017,1.0505565,0.56988394,1.1273683,1.9542689,0.9875488,1.0768361,1.0279903,0.62959516
70,0.95898265,0.7836227,1.0574553,1.1529864,1.4687902,0.57414,1.0826371,1.4983815,1.6927668,0.91230667,1.0075562,1.0102023,1.0366298,0.72703207,1.1249524,1.7327235,1.0106897,1.0985695,0.9864287,0.4664183
71,1.3653986,1.0782626,1.200479,1.5419788,0.965166,1.6337444,0.6631683,0.99268055,0.9507127,1.6731918,1.0834125,1.004003,1.055208,0.58993137,1.1631556,2.6213095,1.0074172,0.9834839,1.008344,0.3906781
72,1.3792114,0.71193606,1.7690313,1.4759161,1.446623,1.4810356,0.5838806,0.9725639,1.2358934,2.0837567,1.0418532,0.9879004,1.0063854,2.3291764,1.128248,2.256683,1.0062283,0.98301816,1.010332,0.5787182
73,1.1114888,1.215085,1.2057359,1.0972209,1.3149574,1.1061841,1.1516409,1.5247976,1.2997023,2.1205764,1.0517335,1.0055234,1.0313065,1.6599413,1.1843807,2.4133112,1.0054322,1.0690427,0.99218076,0.36206204
74,1.0855479,0.78689057,1.4136515,1.6824296,1.2632111,0.6485991,1.6874937,1.1972961,2.0244155,2.6512985,1.1183685,1.0016016,1.0172673,1.1899132,1.1693218,1.808769,1.0050924,0.97639096,0.97494006,0.40007964
75,1.0002754,1.4654818,1.5274892,0.8439509,1.7538536,1.4650627,1.2842925,1.0890009,1.2163548,0.8799882,0.9930978,0.99741465,0.9803543,2.779448,1.1832713,1.4284414,0.9894267,1.0337563,1.0123665,1.2292087
76,1.4122567,1.0107856,1.0950646,1.797231,1.2462002,1.1219825,0.9925384,1.6010549,2.0473375,2.3691661,1.0554994,0.9897108,0.9624481,2.9823127,1.098543,1.1756713,0.97576964,0.8820319,0.9958645,1.3902428
77,1.4662323,1.0147967,1.2941711,1.3898273,1.0499321,0.86373776,1.2257264,1.253141,1.418172,1.6642708,1.0130874,1.0040545,0.97315955,2.917109,1.1496831,1.6129929,0.9746506,0.912568,1.0107598,1.2458408
78,1.3876076,1.9124975,0.6757876,1.2269413,1.4793682,1.5554703,1.15864,1.5725899,1.3703821,0.79576504,1.0213069,0.9979018,0.97827584,0.5888721,1.1538558,1.3481535,0.97770524,0.9674674,1.0222995,1.1584707
79,0.9313819,1.1380248,1.6041842,0.6541935,1.6023959,0.56774396,1.908426,1.5817903,1.535114,1.3587066,1.005095,1.0044367,1.0100929,1.4677423,1.1819036,1.5754025,1.0155299,1.1460849,0.9810072,0.47285202
80,0.9516688,1.2048595,1.4169788,1.574672,1.632405,1.8748595,1.0708464,1.0113362,1.5510402,2.008976,1.0083756,0.97314584,0.9814321,2.9078689,1.1522714,1.9139454,1.018829,1.0289291,0.9953922,0.63354117
81,1.2799616,1.6163983,0.7797056,0.72828877,0.893747,1.2927479,0.9808688,1.5481509,0.6609249,1.3727784,0.9656395,1.00214,1.0297593,1.1946617,1.2148645,1.3017184,1.008918,1.1367823,1.0143535,0.60461676
82,1.6769755,1.518487,1.6121609,1.2303631,1.3009382,1.3691634,1.4410111,1.7535049,1.559539,1.6430801,1.0436053,1.0006032,1.005366,1.4226054,1.092305,2.5242555,1.0034744,1.0023395,1.0065178,0.6361816
83,0.91142684,1.1865087,0.6867691,1.8137472,0.7503294,1.6940267,1.1925838,1.9289324,1.6498437,1.6290972,1.0320947,0.9945966,1.0172582,1.1691395,1.1360921,2.5203094,1.0249869,1.0747186,0.9810838,0.30808583
84,1.5517087,0.7052596,1.2930603,1.4549446,0.9308393,0.5767736,1.1176207,1.161241,1.4348882,2.8859806,1.0655265,0.9975693,0.9973898,2.70292,1.193068,1.5016158,0.9867727,0.94618386,1.0026472,0.95029193
85,0.90597755,1.3583856,0.9927868,1.3956637,0.7320355,1.9108564,1.1074156,0.95170265,0.89908713,2.2039084,1.0194523,0.9814849,1.0318795,1.647904,1.2317712,1.2968605,1.032285,1.0998911,0.99232674,0.4144091
86,0.98287195,1.7154741,1.3779545,0.6187244,1.7243153,1.1768621,1.6748438,1.6179384,1.3506807,1.9766558,1.0583762,0.9975884,1.0287349,0.5496732,1.2193836,0.893841,1.0176085,1.1610402,0.98780227,0.41225433
87,1.2167287,1.1020336,1.5701745,0.8193918,1.3267692,1.2667986,1.0771881,1.2958497,0.915946,0.7024449,1.0248561,1.0057297,1.0400772,0.41762984,1.1549299,1.9684,1.0127165,1.0887775,1.0038428,0.56595266
88,0.8298741,1.2783768,0.69658834,0.6451957,1.4937371,1.1551789,0.5468072,1.7946829,1.0208023,1.4306377,0.93503815,0.99765533,1.0296333,2.1574554,1.1854349,1.4732071,1.01552,1.2112868,0.99698424,0.47368056
89,1.3418477,1.0747492,1.2835808,1.1984768,0.9683647,1.020563,1.4223697,0.63759595,0.8648051,0.40314618,1.0475993,1.0101317,0.98520136,0.68845594,1.2193748,1.6588309,0.96985763,0.9017967,1.0276128,1.3047442
90,1.365479,1.6162374,0.780169,1.1582947,1.8452619,0.60257477,1.2451168,0.6487717,1.2028693,2.8196099,1.1096113,1.0184621,1.0411401,1.9467937,1.3147812,2.4488328,0.97724956,0.9869212,1.0213752,0.4080518
91,1.18119,1.3271389,0.6606614,1.4848919,1.3596495,0.8796043,1.1811959,1.2167517,1.4730637,2.9522839,1.0521988,1.0001281,1.0111201,2.7238622,1.2388687,2.2961373,0.9933185,1.0010008,0.9965197,0.44990852
92,1.0766671,0.7040617,1.5208709,1.3785567,1.3515855,1.2175311,0.7613874,0.97249424,1.1785191,2.4604216,1.0863633,0.997314,1.0313348,1.483985,1.1917589,2.0480607,1.0061764,1.0155976,0.9961372,0.31639183
93,1.3457336,1.7094896,1.4379444,1.0041921,0.8265689,1.6710626,1.6114022,1.1080546,0.54835844,2.114511,1.1192429,1.0106251,1.0573382,0.5047182,1.2621143,2.9132116,1.008156,1.0244592,1.0019147,0.2669944
94,1.5310731,1.2665503,1.409487,2.0396848,0.92755234,2.1772494,0.87709516,1.0952134,1.4114966,2.3313737,1.1001436,0.9783566,0.9958376,2.6476245,1.1078917,0.44408545,0.9938913,0.8132175,0.98676246,1.5863762
95,1.1891327,1.163832,1.4613822,1.6474459,1.1758237,1.573376,1.3903325,1.5989798,2.0676615,0.558166,1.057498,0.9925895,0.9458525,0.40464127,1.050585,1.0183848,0.9770288,0.8983407,1.007864,1.4417348
96,1.3097308,1.6665211,1.7911475,0.6809762,1.7167279,1.755545,1.414587,1.3277255,0.88347435,0.88440096,1.0326272,0.99100393,0.99045414,0.8409139,1.1769263,1.566712,1.0013727,1.0466633,1.0142757,0.89552885
97,1.5913522,1.6855972,1.7910848,0.7021755,1.8690611,1.2146753,1.2475013,1.7201378,1.2710583,2.3045745,1.1176231,1.0130525,1.0340543,0.8684491,1.1692307,2.5047858,0.99068785,1.042865,1.0127728,0.41338646
98,1.0439105,0.99619645,0.9995362,0.78254956,0.9780407,0.6280541,1.1577569,1.8704375,1.3910542,1.0835772,0.992969,1.0072124,1.0008208,0.9482831,1.1554918,0.37953016,0.99036735,1.0928972,0.99630225,1.0969582
99,0.94318014,0.93249637,1.0639136,1.6217756,0.58355075,1.5339249,1.5900943,1.0521265,0.9755703,1.7385725,0.9982938,0.97864646,0.93866616,2.7277508,1.2686124,1.3673234,1.0024096,0.9958131,1.0067906,1.0190609
100,1.2511008,1.5742786,1.311723,0.65128803,1.0011482,0.68393034,2.0034018,1.4826925,0.8869722,2.4023929,1.0794052,1.0214177,1.0352647,1.6576158,1.28435,2.8131945,0.9947657,1.0693791,0.99389523,0.34071457
101,1.7213364,1.6054811,1.3056903,1.2963221,1.8950717,1.0457898,1.0857372,0.95263135,1.4925566,2.0700586,1.0979493,1.0111961,1.0306307,1.2305092,1.181085,2.3697407,0.9851569,0.9621573,1.0299777,0.5646909
102,0.8247363,1.0293834,1.1159172,1.6015458,1.3720472,1.906686,0.57559025,0.9154251,1.182549,2.194816,1.0525031,0.984151,1.0369258,1.7056587,1.1852024,2.099582,1.0240465,1.055492,0.9909366,0.25701407
103,0.91185707,1.0686247,1.3842735,1.1372938,1.6252474,0.92124385,1.5934464,0.6084422,1.2984183,1.376446,1.0391657,0.99542236,0.9897182,2.4478526,1.2427992,0.54824746,0.9912299,0.97737825,0.9922973,1.2834775
104,1.7632952,2.1304104,1.2995365,1.2583241,1.0737013,1.6231636,1.9638932,1.2434357,1.1262057,2.0853047,1.0330327,0.9910411,0.97922313,1.9816116,1.2069683,2.0844119,0.99859136,0.9653236,1.0203253,0.78985125
105,1.6929979,1.5608568,1.8796959,1.3356831,1.6062012,1.8280147,1.4461815,1.4972247,1.5656891,2.6618118,1.1507342,0.97199637,0.9611244,0.89828956,1.148898,0.3850502,0.98708296,0.8951327,1.0031713,1.3642931
106,0.7256269,0.7299269,1.5127311,0.78492504,1.4586253,0.9904019,1.09497,1.2343823,1.1912417,0.5999359,0.99953395,0.9985246,1.0164943,0.49669135,1.1665529,0.79334545,1.0133129,1.1306516,0.9919188,0.698532
107,1.1786656,1.2044795,1.2114744,0.9651993,0.80059373,0.8340661,1.4656419,0.99437004,0.6235951,2.7878094,1.1166317,1.0185037,1.0523345,1.114134,1.3140324,2.4622557,0.9936729,1.0262417,0.9988651,0.22744265
108,1.2963474,0.47827488,1.2853184,1.5861609,1.314788,0.91820115,0.5830462,0.8453502,1.3533645,1.1969235,1.0303733,1.0071602,0.9947455,2.740395,1.1387359,2.9725852,0.9748439,0.9024082,1.0174464,1.0327957
109,1.0635092,1.244514,0.9337507,1.3870597,1.277265,1.5889956,0.7636903,1.6482321,1.6272948,0.68725765,1.0095315,0.9928297,0.9680402,0.8699806,1.0950052,0.8898251,0.98062915,0.97900003,1.0126138,1.2901878
110,1.5415173,1.6490335,1.4805198,1.0846362,0.81624806,1.8003932,1.4476812,0.8649302,0.51238215,1.4850204,1.0277787,0.9952115,1.0188756,1.4671677,1.225199,2.2526913,1.0107915,1.0146515,1.0207056,0.6664377
111,0.98415977,1.6374879,1.1065118,1.3177226,1.5862776,1.5061072,1.5487323,1.9237481,2.0192037,2.6956372,1.0308061,0.9768656,0.99171907,2.226666,1.1436107,1.1205864,1.023866,1.1058052,0.97292364,0.5549782
112,1.1690638,1.2302535,0.8569452,1.0635953,0.61107624,0.49328488,1.8995225,1.1799635,0.91252756,2.0822902,1.0323858,1.015034,1.0192521,1.6311995,1.300736,2.0427759,0.9989206,1.0570519,0.9989895,0.44375566
113,1.9930806,1.9692945,1.805799,1.5841897,1.6181625,1.83081,1.8284026,1.1507468,1.4995255,1.2341193,1.0964757,0.99407,0.93844557,1.6724535,1.1156238,2.0888867,0.96165,0.75928015,1.029402,1.518971
114,0.9749953,1.4445269,1.2670996,1.1663966,1.6848398,1.6192285,1.1732097,1.3411893,1.5294714,1.7985548,1.0436368,0.9812678,1.0183204,0.76574266,1.1654906,0.61503994,1.0245996,1.1083688,0.9896987,0.5845228
115,1.0397992,1.0447698,1.4760933,1.069737,0.7668189,1.5216662,1.2355976,1.6622226,1.1557174,1.2208451,0.9851297,0.9929335,0.998232,1.690231,1.1423725,1.6355219,1.0173509,1.1065822,0.9978567,0.72206146
116,0.5080897,0.518231,1.3522851,1.0720866,1.428321,0.9007544,1.056142,1.2048076,1.4218845,2.7193618,1.0826817,0.9870854,1.0365396,1.4837126,1.2353884,0.5474676,1.0236709,1.1348476,0.96084905,0.46414953
117,1.3913507,1.2118409,1.675323,1.5463934,1.7305323,1.860376,0.8244821,0.5930628,1.1161933,2.1894493,1.0768249,0.9827376,1.0126865,1.8023058,1.1805083,2.1838567,1.0099337,0.96444607,1.0154147,0.4890632
118,0.70340616,0.8869732,1.0190566,1.5067298,0.74342465,1.5954136,0.8517435,0.8054771,0.83917737,2.1736362,1.1116658,1.008082,1.0827079,0.8088229,1.2464296,2.892788,1.0196017,1.0519776,0.9819839,0.048140585
119,0.75283784,0.67284137,1.4340024,1.2048671,1.216498,0.8620536,1.3341806,1.1053905,1.4798346,2.1228251,0.99482965,0.99207085,1.0072879,2.7714443,1.1942197,1.6398928,1.0211195,1.1111574,0.9814856,0.42426047
120,1.7583666,1.7225277,2.032135,0.64978373,1.8694602,1.3464366,1.409323,1.729618,1.3985311,0.7627882,1.0710973,1.0097158,0.97651875,0.76506436,1.101872,1.8212316,0.96845865,0.9629048,1.0333765,1.286083
121,1.0590334,1.6372943,1.4126556,1.072486,1.643329,1.8777262,1.3403645,0.9450586,0.95315015,1.9871067,1.0185388,0.9764652,1.0039142,1.798004,1.2301359,1.3723544,1.0251819,1.0886714,1.0005174,0.46576473
122,1.1646574,1.4734788,0.8202827,1.4453981,1.6323444,1.2853266,1.0791414,1.3491846,1.5046892,1.0586022,1.0057503,0.9996716,0.99936086,2.5995564,1.1340522,0.49445918,0.98550224,0.92100286,0.98407036,1.430798
123,1.2065852,1.1199052,0.6297378,1.8966267,1.1820072,1.4512123,0.721917,0.86544627,1.3749548,1.9155267,1.0594314,0.98916596,1.00428,2.5315704,1.1806147,0.48077944,0.9845046,0.8650684,0.990286,1.465442
124,1.0492423,1.0509951,1.5219398,1.3789146,0.8944039,1.7040805,1.089708,1.5810431,1.5262382,1.9124907,1.0298508,0.98359144,1.0221763,0.9205712,1.1049964,1.0108303,1.0327885,1.1034529,0.9848464,0.46646905
125,1.1995692,1.4767482,1.9872146,0.80686337,1.7851828,1.4232208,1.5504999,2.0040057,1.8728702,1.6335746,1.0064822,0.9902668,0.9691511,2.5246568,1.0850198,1.7637107,1.0053201,1.0961306,0.9987726,0.8643118
126,0.7291109,1.3419104,1.6962721,0.68925697,1.8941387,1.0542036,1.3982272,1.6472635,1.6659335,2.3729038,1.1373329,1.0179516,1.0697999,0.5975057,1.1962025,2.2820115,1.0122272,1.1638246,0.9795027,0.046165004
127,1.5005357,1.5248563,1.2985694,1.4880271,1.013549,1.5243639,1.4264219,1.411989,1.4245721,1.9852427,1.0515573,0.99817103,1.016191,1.6170567,1.1415669,2.5941296,1.0087783,0.9941931,1.0029385,0.51312494
128,1.2044492,1.3159769,1.2280433,0.77520865,1.3632423,1.2301518,0.9308301,1.5238663,0.95073676,1.5716206,1.0141653,0.9978129,1.0288048,0.6331898,1.1849372,1.0473801,1.0111891,1.121079,1.0045166,0.502241
129,1.0212262,1.2335758,1.6778426,0.73072135,1.0839709,1.1950165,1.7427392,1.6375823,1.2480617,0.7516202,0.9788294,1.0060928,1.014878,2.2819202,1.1435163,2.7888315,1.017775,1.1288921,0.9887625,0.69082505
130,1.5817544,1.9833107,1.4989772,1.0872986,1.8034816,1.6748649,1.3221769,1.6925058,1.5041472,1.3300171,1.0237378,0.9980984,0.982224,2.4199586,1.1008991,1.0138509,0.98379767,0.946509,1.0080291,1.332973
131,1.5953748,1.1272879,1.0853434,1.741677,0.8307378,1.0578951,1.1191916,1.2030437,1.4294571,2.6611013,1.0767565,1.0057797,1.0168684,2.0111196,1.1694965,2.702979,0.9912012,0.9275658,1.0091637,0.49989656
132,0.46641672,1.3395972,0.40166205,1.1559407,1.1536684,1.5197098,0.9493854,1.2751671,1.1375499,1.0352436,0.95053494,0.9962606,1.0525513,1.9883753,1.2103022,2.179547,1.0346518,1.1958001,0.9797497,0.30886635
133,1.0499549,0.9195284,1.0288298,1.2697272,1.1357299,0.66949695,1.3159362,0.88877386,1.148216,1.804511,1.0623412,1.0142326,1.0440987,1.3503512,1.2399647,2.4850783,1.0008675,1.0248964,0.9940388,0.36526108
134,1.3051383,1.0043569,1.1855922,1.0483415,1.3111849,1.0461463,0.58664066,2.1060858,1.5209379,1.19726,1.0268703,1.0152533,1.0474905,0.9395982,1.0659927,2.670663,1.0024571,1.0844802,0.99669236,0.47736973
135,1.0088911,1.3093948,1.1610851,1.3148205,1.6181155,1.6327223,0.8549805,1.4195653,1.435292,0.6683078,0.98502386,0.9936107,0.9825187,2.2657723,1.1020374,0.686672,0.98938566,0.9652879,0.9950096,1.3439105
136,0.83920354,0.64871675,0.78572506,1.5354244,0.66792345,0.9837021,1.0507014,1.3129209,1.2595038,1.4222388,1.0042894,1.008391,1.0342996,2.1547751,1.191553,2.9099944,1.0150115,1.0754638,0.9869106,0.38941193
137,2.0977182,1.2385213,1.2474251,1.7078838,1.5616714,0.8693778,0.9574772,1.0732014,1.5088924,1.140683,1.1043733,1.0145,0.97203994,0.73736274,1.110034,1.9042933,0.94161147,0.73374605,1.0395967,1.4162636
138,0.54576033,0.64887565,1.3683589,0.65017027,1.3095073,0.8433456,0.9426428,1.8969988,1.4777827,1.0827576,0.9508449,0.9993651,1.0327072,1.4392289,1.1231618,1.0326307,1.0313867,1.2502087,0.9736891,0.38908544
139,1.9865077,1.5194893,1.2341964,1.6473489,1.162342,0.8295488,1.7365943,0.9504215,1.4593393,2.2672954,1.073196,1.004211,0.9802768,1.91864,1.1901735,2.39525,0.9758105,0.85104156,1.0259502,0.8512469
140,1.4363165,1.1410909,1.5074549,1.738219,1.5950149,1.4638516,1.1213549,0.8688895,1.4985774,0.72427213,1.0705928,0.9995405,0.98100257,1.5141298,1.1009485,0.8641951,0.9726191,0.7965471,1.0031172,1.5321519
141,1.7177458,1.5116017,0.9834669,0.88613796,0.9990251,0.73272127,1.1495459,1.5968136,0.8449749,0.63484395,0.97872674,1.0284933,1.0245264,2.1276236,1.1459322,1.5674576,0.97262144,0.94852984,1.0119205,1.2573793
142,1.1466856,1.0120206,0.56059784,1.7092924,1.2605127,0.9490151,1.0571953,0.51039183,1.2667632,0.31954327,1.0378919,1.0140482,1.0170472,1.2233859,1.2001305,2.8153296,0.9781947,0.89746076,1.0149144,1.004004
143,0.749327,1.3206527,0.8102148,1.1379986,0.7870759,1.2091204,1.4943727,1.4072672,1.2470305,2.2087235,1.0407333,0.995397,1.0423176,0.91191804,1.2396536,0.9220433,1.0263805,1.1429653,0.97461975,0.38572574
144,1.1871583,1.8228278,1.3626049,0.77710533,1.2781667,1.8732716,1.395756,1.4054984,0.80204725,1.6380591,0.9682504,0.98548704,0.98901284,2.947054,1.2110994,2.1196823,1.0130365,1.1049162,1.0095519,0.7632089
145,0.92694324,0.89462215,1.5472398,1.4595495,1.1403202,1.4041547,1.4066907,0.59054035,1.1617744,0.53639734,1.0018784,0.99747074,0.9778658,2.7742,1.1692129,1.248167,0.9893867,0.90926206,0.9963671,1.4121051
146,0.9262201,0.653686,1.8553104,0.9444406,0.83022654,1.621929,0.7692442,1.1562728,0.71742237,1.4090271,1.0238072,0.9974205,1.0508862,1.3495449,1.1616685,2.1054099,1.0294851,1.1304191,0.99332446,0.36777344
147,1.561089,1.4864793,1.427347,1.4875929,0.8307645,1.6144136,1.652065,0.87067586,1.0161022,2.6376238,1.1040189,0.98245555,0.9953251,2.2620687,1.2352854,0.48008302,0.99631095,0.8896824,0.9932825,1.3856609
148,1.0428743,1.5716052,0.6704442,1.8649635,0.7934853,1.9405197,1.6178336,0.9584547,1.3248327,0.7331655,1.0029372,0.98864645,0.9409359,2.7613068,1.2051392,2.5795887,0.9816283,0.892504,1.0162696,1.4018807
149,0.9790421,1.155509,1.1944888,1.0804951,1.2960955,1.0359241,1.471576,1.1504316,1.2745477,1.779286,1.014147,0.99014115,0.9837298,2.67003,1.2220922,0.58868897,0.99631125,1.0189788,0.9882113,1.2112113
150,0.6442123,0.88264924,1.8226023,1.3294585,1.6655555,1.5500482,1.4380727,1.1032597,1.9298879,0.8147861,1.037056,0.9812274,0.94716537,1.5829512,1.1192045,0.5125594,0.99492997,0.9955772,0.99409163,1.3432295
151,1.0743189,1.5312438,0.7806538,1.096931,0.75699526,1.657867,0.9556622,1.4485193,0.8078871,1.7201751,1.003257,1.001761,1.0478706,1.6708654,1.207345,2.3975008,1.0180761,1.1158662,0.9999052,0.3851695
152,1.3477938,1.3081889,0.59132975,1.4296365,0.7790883,1.0579218,1.1433727,1.6257259,1.5346327,2.4441829,1.0750285,0.99120694,1.0042744,1.1027755,1.1928377,0.24119523,0.99040884,0.9877971,0.9932859,1.2167156
153,1.5252469,1.6664193,1.3488481,1.0181911,0.8014517,1.1958059,1.8542545,0.8770619,0.5908494,0.899017,1.0052133,1.0113304,1.012971,2.1482275,1.2243086,0.92229986,0.99079496,0.9319525,1.00308,1.2891321
154,0.9596849,1.0880811,1.2472847,1.2940147,1.0578882,1.8146974,0.5796985,1.2951969,0.86879706,2.3646274,1.1058056,1.0053895,1.0690662,1.3261629,1.1971186,3.2232938,1.0124484,1.0539477,0.99016595,0.13548544
155,1.4347866,1.7989979,0.93974364,1.2640722,1.9274889,1.1600469,1.0181513,0.52602786,1.4799693,2.3558035,1.0606989,1.0036645,1.0205833,2.770112,1.252738,1.7878866,0.98455334,1.0074011,1.0387163,0.8553853
156,0.8231793,1.2485797,0.6811609,1.1119202,1.1083138,1.2836896,0.8921338,1.7227589,1.4583019,0.8232306,0.9512785,0.99621576,0.9803402,1.8617707,1.1396573,0.7441473,0.99185574,1.0732155,1.0012909,1.1581801
157,1.2499394,1.3353639,0.76432127,1.0598526,1.6205906,0.67072767,1.1591134,0.5985227,0.7729025,0.38871458,1.0234029,1.0197988,1.0381873,1.2409115,1.2410463,0.36837104,0.9772003,0.9252193,1.0015445,1.3153605
158,1.2671478,1.3047025,1.3856034,0.86493975,1.2629544,1.5215143,1.0377036,0.86461633,0.48841763,0.636104,1.026098,1.0047176,1.0466228,0.6408323,1.2121054,2.3473647,1.0109243,1.0603173,1.0139253,0.58972013
159,1.6080406,1.6785245,1.6576145,1.1672833,1.6611222,1.1406292,1.7981195,1.6159693,1.5475323,1.1883711,1.0403514,1.0060319,0.9938265,2.419238,1.0999109,0.58091605,0.98523086,0.8885623,0.98098075,1.4652772
160,1.9638968,1.4987855,1.7009847,1.251545,1.8007065,1.5159742,0.65663016,1.3440533,1.3133221,1.5426468,1.0759199,1.0032946,0.9812186,1.652438,1.0964127,1.7291205,0.962034,0.8631634,1.0410455,1.2728043
161,1.4073977,1.5849497,1.1600242,0.9326379,1.601189,1.2878982,0.9013103,1.7188138,1.0633879,2.742351,1.0671835,1.0051541,1.0213237,2.3088293,1.2054431,2.875535,0.9895694,1.0368199,1.0067604,0.403722
162,1.857058,1.5307117,1.6146827,1.4190037,0.8481308,1.8250273,1.541028,1.9737659,1.1345822,1.9042832,1.0365919,0.9857634,0.9088526,2.568596,1.1556215,2.2459059,0.9733572,0.89594567,1.033985,1.2817886
163,1.8295395,1.344604,1.8873329,0.85114384,1.2538255,1.2795445,1.0999318,1.3160629,0.67684007,0.94171536,1.0317557,1.0121186,1.0052018,1.6894847,1.134207,1.463855,0.97762966,0.91678166,1.0206562,1.2391379
164,0.8765585,1.3026607,0.8016096,1.2650945,1.3642484,1.2652534,1.2694596,0.55705404,0.90150106,1.9693941,1.0304215,0.9887572,1.0279238,1.535978,1.2941405,1.2581606,1.0170555,1.0673939,0.9953152,0.4660869
165,1.3645008,1.303685,1.2582669,1.4483397,1.2430594,0.9686517,1.6660609,1.7169068,1.9354824,2.198186,1.0680261,0.9937545,0.985803,2.4407606,1.1275785,0.3039861,0.989856,0.9277414,0.97267336,1.4374211
166,1.7009897,0.9638793,1.039185,1.2640758,0.929734,0.610501,0.9917218,0.9282695,0.9082022,0.8833169,1.0478069,1.0240568,1.0271909,0.8941126,1.186349,2.6331065,0.9721308,0.91573715,1.029037,0.9109314
167,1.3778133,0.94886917,0.9400665,1.4118266,1.0279931,0.9787342,0.84909284,0.78283995,0.9455972,2.6449459,1.0615964,0.9938426,1.0232593,2.0306368,1.2528254,1.3623524,0.99704105,0.9818963,1.0067505,0.7476007
168,1.3122499,1.397114,1.1085348,1.6096165,1.1977545,1.4851118,1.2595845,1.4740225,1.7566457,1.6176707,1.0255737,0.9907719,0.9846556,1.5789784,1.1123269,1.7080157,0.99986804,0.979952,1.0042434,0.8267788
169,1.8740671,1.3515577,1.5974054,0.9820611,1.019688,0.8150868,1.5188491,1.2961104,0.86899126,1.9085125,1.0745254,1.0110301,1.0233722,1.7466012,1.1879085,0.64455974,0.9837812,0.91111946,0.9984684,1.2811277
170,1.6774712,1.2359428,1.7247226,1.4436688,1.7201933,1.7579664,0.6275955,1.7496406,1.6522392,1.6704191,1.0505751,0.9926156,0.9788533,2.4254909,1.0408133,2.9983242,0.9845972,0.92563283,1.0180631,0.9484946
171,1.3102908,1.6644843,1.067667,0.8594403,0.82940817,0.75121754,2.0907643,1.6438801,1.330127,1.4353894,0.98524785,1.0069268,1.0034287,1.2902058,1.2002509,1.3551953,1.0073256,1.0995749,0.9991313,0.6704948
172,0.21695668,1.4402184,0.8159959,1.1897006,1.664332,1.5448471,1.6582686,0.9947439,1.4256388,1.5510256,0.98334074,0.9868617,1.0292268,2.872993,1.2522817,2.5431411,1.0408461,1.1824892,0.96289146,0.20293397
173,1.5461073,1.102505,0.7353868,1.2747865,0.9711772,0.80966586,0.68648565,1.4650216,1.1823049,2.1632886,1.0452334,1.0051138,1.0316875,0.99612606,1.1802179,1.2198268,0.9913223,1.0111055,1.0104574,0.7287402
174,0.5161745,0.94877857,0.8516951,1.5899827,0.7332026,1.3486537,1.4911885,0.8270096,1.4192429,2.4910743,1.024077,0.97984016,1.0272385,2.2842102,1.2520897,0.94686174,1.0379595,1.1141546,0.9659955,0.46792895
175,1.6767592,1.2916136,1.4418626,1.3683949,1.728012,1.4737052,0.7153978,1.847486,1.7147652,0.7937027,1.0577973,1.0064034,0.9804701,1.4880449,1.0350926,3.0187683,0.9675242,0.8942063,1.0222834,1.1968179
176,1.6492167,1.2645242,1.165041,1.9609609,0.89192194,1.7189275,0.71124905,1.1672854,1.292139,0.6810988,1.0106164,1.0107291,1.0062879,2.9750376,1.0453115,1.4765277,0.97439414,0.77763677,1.0027608,1.5962632
177,0.38663417,0.58476406,1.9160831,1.0771239,1.7228898,1.4720625,1.2902343,1.0185416,1.4839249,0.57027936,1.0187699,0.9931737,1.0463693,1.4744678,1.1309919,2.562768,1.0451809,1.1637075,0.964181,0.27220485
178,1.350811,0.71587235,1.454144,1.276015,1.5812002,0.90453666,0.6335346,0.8785744,0.98782265,2.0623841,1.1269865,1.0136405,1.0501381,0.62712777,1.2031412,2.641643,0.9873418,0.9548422,1.0078264,0.3515433
179,1.0799191,1.1283128,1.0206053,0.78705823,1.2385796,0.9124338,1.1530243,0.6718649,0.5345965,0.6747786,1.0163383,1.0045828,1.0066824,0.5261613,1.2782203,0.6293367,0.9845744,1.0211858,1.0193536,1.0769846
180,1.2703159,1.2929778,1.7665203,1.162415,1.6558777,1.2271014,1.474652,1.4452041,1.4433428,2.8043437,1.1244603,1.0016462,1.0166607,1.6232511,1.1882925,2.717951,0.99942297,1.0008976,0.99022377,0.29538012
181,0.7836028,1.6467795,0.87687296,1.2471194,1.0824038,1.9406265,1.3122575,1.6987708,1.5232713,2.268602,0.98901814,0.9695194,0.98853827,2.4361687,1.1800928,0.55935943,1.0277283,1.1349539,0.9798746,0.83971894
182,1.5466509,0.73222715,1.4450579,1.8821592,0.93718624,1.3689369,0.7985552,1.3503698,1.7759845,2.6154497,1.1167983,0.98462987,0.977859,1.9045994,1.105015,0.7733234,0.9797509,0.850937,0.9991593,1.4219286
183,0.7365493,0.9898134,0.84184694,1.7285869,1.338421,1.2088827,1.1526663,1.0302209,1.691389,2.2675276,1.0485102,0.9970595,1.0304404,2.461896,1.1938348,2.7708867,1.0156288,1.0373542,0.97777605,0.25799337
184,1.044734,0.49068052,1.7643471,0.772203,1.1003875,0.7544283,0.97575974,1.2039052,0.87804854,2.883599,1.081828,0.99668634,1.0296546,1.928946,1.2462593,1.0109591,1.0060736,1.0881296,0.9864005,0.6200007
185,0.60503274,1.0148411,0.93521446,0.82703656,0.72498673,0.6274707,1.5189252,2.123412,1.3707356,2.144563,1.0784274,1.0245564,1.064926,0.39209163,1.2184355,2.157037,1.0126532,1.1784248,0.96366984,0.0509914
186,1.7267897,1.3191235,0.88105386,1.0760067,1.6366166,0.6511273,0.70856804,1.2756022,0.93868655,2.7750332,1.1205828,1.0129192,1.0314622,0.8700031,1.249011,1.8760138,0.96839994,0.9411802,1.0198528,0.6112138
187,0.89535743,0.6982779,0.5222853,1.6071172,0.61922026,0.9283127,0.9583201,0.86939377,1.0978084,0.9760634,0.97368854,1.0094005,1.033996,2.4511533,1.2109228,2.8918114,1.0087255,1.0425482,0.9985486,0.59513736
188,1.8834443,0.8723424,1.3798628,1.508543,1.6634367,0.61589426,0.72505444,1.591464,1.8173728,2.825628,1.1118872,1.0003538,1.0006562,1.4671241,1.1108483,1.581882,0.9754606,0.9004222,1.0098065,0.85499316
189,1.5254443,1.5234394,1.5672107,0.95827216,1.186766,1.8980747,0.7615259,1.7460058,0.9386164,1.9400471,1.0192971,0.9897872,1.0163586,1.4411017,1.1255832,1.8290038,1.0127734,1.078324,1.0138824,0.5518575
190,1.9645061,1.5295353,1.1013451,1.6513863,1.6585171,0.8303146,1.2566472,1.5705613,1.812314,1.9230722,1.0734248,1.0093105,0.9858009,2.6099715,1.0965799,1.2751403,0.9605901,0.7894076,1.0009505,1.4802756
191,1.4466665,0.9820592,1.4730668,1.6043394,0.7524793,1.6954805,1.0542691,1.157897,1.0128201,1.1880567,1.0608749,0.9992351,1.0294619,0.6225908,1.1395032,2.6310515,1.0149318,0.9854636,1.0084258,0.51084816
192,0.64339954,1.0713761,1.8172805,0.9456909,1.3754338,2.1375794,1.034872,0.84467655,0.68014574,1.3553256,1.0191107,0.9825442,1.0416348,1.8190333,1.2067466,2.2701497,1.042868,1.1541343,0.9855792,0.28869084
193,1.7691522,0.6256998,1.7423213,1.2326186,0.79515904,0.45643038,1.1995794,1.2865478,1.2270949,1.6104022,1.0726093,1.0172591,1.0099944,1.5189452,1.1292825,1.0306616,0.9733617,0.8847674,1.0053204,1.2794933
194,1.650451,0.96059924,1.3278289,1.4264216,0.77641547,0.6422519,1.304249,1.3250527,1.3706853,0.54845643,1.0262588,1.0256807,1.0052526,1.5410395,1.0937382,1.352566,0.96786445,0.8552233,1.0069373,1.4070442
195,1.7360561,1.5802474,0.9023029,1.0270796,0.86254257,0.6879403,1.3353219,1.6912671,1.0213583,2.4012756,1.0780082,1.026224,1.0363526,1.446375,1.2169629,3.018629,0.9770313,0.9837075,1.0145245,0.49764144
196,0.7681362,0.72772294,1.8269536,1.710351,0.79207265,1.5273596,1.9297519,0.86890674,1.7566085,1.0085986,1.0407336,0.9819952,0.95616615,1.318544,1.142149,0.97244084,1.0107824,0.970672,0.9884054,1.0660168
197,1.6930242,1.6322284,1.607739,1.3361917,1.6856089,1.4613951,1.5208001,1.086645,1.3218862,0.8764137,1.0734432,0.9994097,0.96273077,1.026934,1.1395198,1.3581265,0.96755743,0.835569,1.0225091,1.393395
198,1.3937819,1.7870059,0.9062845,1.3890555,1.8374459,1.6749204,0.76558846,1.3094916,1.7693083,2.5383198,1.1046667,0.9851803,0.99906623,1.6425573,1.1785709,0.536971,0.98368555,0.9802486,1.0180693,1.2593808
199,0.70120305,0.7891634,0.7170292,1.4415337,1.3955654,0.81762904,1.0406896,1.2517275,1.7721925,0.67772317,0.97983736,1.0064266,1.0190312,2.0976713,1.1392804,2.4450479,1.005339,1.0632296,0.9853623,0.701579
200,1.1845839,1.7481253,0.9243476,1.4466236,1.0972975,1.3924149,1.8932358,1.212886,1.5078167,1.8015901,0.9881775,0.9927744,0.99936426,2.904274,1.1958231,2.6504843,1.0170208,1.0442394,0.99435014,0.56770474
201,1.4476671,1.1192179,1.0988262,1.4826365,1.3600261,0.6191701,1.6046252,0.7069006,1.4165633,0.6064223,1.0573316,1.013976,0.9696833,1.2437989,1.1936684,1.7789278,0.9569644,0.8300264,1.0216578,1.3968949
202,0.99700207,0.98316175,1.7505536,0.6079641,0.83534694,1.5801833,0.9111825,1.7433997,0.8854076,0.81910336,0.98057556,0.99403447,0.9966216,0.9538325,1.1285237,0.6975813,1.0075859,1.1323864,1.0068185,0.98133165
203,1.1721001,1.0563338,1.5853274,1.2149041,1.2402037,1.2294482,1.5492257,0.93766624,1.2350796,0.44249597,1.0416985,1.006026,1.0022362,1.2085017,1.1604264,2.5070372,0.9946692,0.9705713,1.0056189,0.9715683
204,1.9651611,1.436202,1.544014,1.0379639,1.7049887,1.2374033,0.5921548,1.6258982,1.1614959,2.2756686,1.0643076,1.0017122,0.9999431,2.3295074,1.1249117,1.3261907,0.9716857,0.9209914,1.0235105,1.1873236
205,0.65989274,0.6670297,0.99807256,1.3732977,0.4954022,1.0962193,1.920094,0.8993044,0.6496506,0.9800211,0.9608583,0.9956274,0.98358476,3.104795,1.3192669,2.8956583,1.0246351,1.0991316,0.991,0.54898465
206,0.66191703,0.7408264,1.0691764,1.6828034,0.66230106,2.0148182,0.8625253,1.6252402,1.3370802,1.2511985,0.9728616,0.97430825,0.9556751,2.19245,1.1466744,1.245233,1.0167376,1.0694369,0.9960524,0.90450335
207,1.0179434,1.6119962,1.4933019,0.9712997,1.5000039,1.4664732,1.7373452,0.814713,0.7573631,2.9360027,1.1137122,0.9944044,1.0238466,1.576039,1.3229342,2.1292977,1.0088778,1.0424852,0.99282575,0.2200356
208,1.240823,1.3230834,1.7279637,1.0396502,1.585733,1.1773022,1.5697714,1.3501062,1.3208947,2.7596273,1.0643842,0.99577385,0.99821806,2.827746,1.2086301,2.6321635,1.0029054,1.032963,0.994364,0.42399722
209,1.5555165,1.5793612,1.2552812,1.0424302,0.678561,1.0040516,1.8223561,0.63700503,0.34193182,2.7860098,1.1467204,1.0156168,1.0465034,0.47324073,1.3545027,2.2107985,0.9887914,0.95445836,1.0130945,0.3812408
210,0.9079605,0.808796,1.7861898,1.1817927,1.1815656,1.6384624,1.2123675,0.8301429,1.0721637,0.34900358,1.0127549,0.9951901,0.96399915,2.6329827,1.160956,2.488457,0.9842121,0.95280576,1.0118306,1.3934586
211,1.3611758,0.85490316,1.4200585,1.2358701,0.85253996,0.4433083,1.5448349,1.6341724,1.6699073,1.7718245,1.0686516,1.0180914,1.031126,0.4532925,1.1318405,1.861589,0.9996244,1.0264791,0.9915498,0.4586035
212,0.9372211,1.0775924,1.128998,1.076361,0.752949,1.3004278,1.2898421,0.82591635,0.69692016,0.81990325,1.0078177,1.0084578,1.0604324,1.1585022,1.2259752,2.5427816,1.0238763,1.1022379,0.99552166,0.4155534
213,1.3443115,1.3274765,1.0457082,1.3997695,0.775422,1.7308649,0.9461011,1.6824104,1.3246928,1.9652208,1.0657617,0.9833094,0.9854754,0.83983266,1.1509874,0.35551944,0.99338406,0.9835856,1.0046605,1.2572165
214,1.2246168,1.9382529,1.6065543,0.90276223,1.6919736,1.7898337,1.8883955,1.2664515,1.1683185,2.429064,1.0583186,0.9732823,0.9937718,1.5572873,1.2360964,0.83908415,1.0240111,1.0854378,0.9912992,0.656438
215,1.6550126,1.5695205,1.3550498,0.97522116,0.96016276,1.3128313,1.311486,1.7428132,1.1301305,2.2144675,1.0357071,0.9940656,0.983433,2.0007162,1.1707795,1.0711596,0.9875802,0.9967133,1.0123104,1.1406658
216,1.1478429,1.131186,1.6980853,1.3120251,1.448532,1.5887998,1.2094059,1.5126518,1.6890835,1.9303521,1.0183175,0.9793128,0.9510016,2.716525,1.1161505,1.3655145,0.99650943,0.9977708,1.0020128,1.0696764
217,1.0043232,1.0046084,1.3382635,1.0889148,1.4935163,1.1830982,1.1237619,1.1554009,1.228009,0.7043185,1.0142678,1.004941,1.041998,1.213446,1.1523052,2.5899343,1.0175189,1.0844285,0.9926782,0.4799027
218,1.4126408,0.90343076,1.3703318,1.6110933,0.7722776,1.1982745,1.1454098,1.1995239,1.3289294,1.2797952,1.0512968,1.0037858,1.0038966,1.8992196,1.1192737,0.6105677,0.9854806,0.87591875,0.9916043,1.4433093
219,1.2297871,1.9176459,0.8777216,0.45218164,1.2445375,0.9774324,1.6544482,1.7922391,0.9422819,0.61043,0.9658511,1.0091848,0.99757946,0.8233181,1.2082613,0.6012522,0.99052876,1.1020005,1.0087898,1.057339
220,0.69310147,1.1872635,0.70246917,2.0523593,0.7953297,1.8549392,1.3678803,0.932916,1.6040001,1.651579,1.0092373,0.9858328,1.02604,2.3863301,1.1764627,2.8028235,1.0370395,1.0516443,0.9774861,0.31282702
221,1.8027217,1.311312,1.6107626,1.0435345,1.3254243,1.160981,1.0714169,1.5866576,1.2240531,1.5491308,1.0726125,1.0015709,0.98340744,0.4924811,1.1287128,1.1984552,0.9742415,0.9358317,1.0263199,1.1059012
222,0.94479185,0.5910805,1.787612,1.8282757,1.5726658,1.5076984,1.1064972,0.68676186,1.781579,1.5607318,1.075247,0.9804386,1.0101222,0.66108215,1.1138372,1.2797122,1.0249808,0.98933357,0.98655444,0.46425447
223,1.544605,0.9207192,1.4278007,1.3278816,1.6170554,0.76991934,0.8356622,1.6745222,1.6812365,1.8142916,1.0357616,1.0054624,0.9930932,2.9284177,1.0833352,1.0163231,0.97501135,0.9039133,0.9920533,1.332027
224,1.3660824,1.0548406,1.2926972,1.9805851,0.7548822,1.4968666,1.4850714,0.45364845,1.2530073,2.077332,1.0497127,0.98712915,0.99175906,2.197929,1.2070892,2.184148,1.0075773,0.9126677,1.0099752,0.66794
225,0.8459129,1.4890983,1.2585084,1.3164955,1.1509662,1.85069,1.5388224,1.147824,1.2536526,2.5008285,1.0834707,0.97778505,1.0286949,0.84147155,1.2300886,0.8416889,1.0339212,1.0945877,0.9753043,0.41877407
226,1.5904169,1.4611969,0.9266135,1.4255495,1.2288276,1.1461936,1.0439847,1.3080696,1.2310791,1.6041769,1.016236,1.0049402,0.9973263,2.8084545,1.1539912,1.2200365,0.9762965,0.89157486,1.005476,1.3268807
227,1.6017222,1.7220387,1.0530291,1.615874,2.010222,1.6357769,0.5824874,0.6731953,1.3557339,2.2060485,1.1620313,1.0125896,1.0678735,0.511907,1.1941363,3.025709,0.9870009,0.92817646,1.0307335,0.34565258
228,1.3528469,1.086741,1.2503448,1.586273,1.1449757,1.3143882,1.0385542,1.2539245,1.4455072,1.5358161,1.0884979,1.0087804,1.0469149,0.5854069,1.1266124,2.835855,1.0055183,0.97774065,0.9979533,0.40137482
229,0.81274456,1.4388936,1.0383086,0.5507121,0.8887192,0.80361885,1.7808833,1.3880904,0.7286371,1.9491724,1.0494394,1.0167352,1.0549214,0.81107104,1.3037374,1.8550494,1.0120714,1.1620219,0.9841392,0.22066993
230,1.1671412,1.1695821,1.6091752,1.6360183,1.6772987,2.0166101,0.7650104,0.74192834,1.1081724,2.7860918,1.1323872,0.9838208,1.0273501,1.3414798,1.200914,2.4227996,1.0109252,0.9608606,0.9996524,0.2397269
231,0.99999577,0.9674571,0.5445387,1.1005652,1.1060878,0.6789507,0.6859979,1.4959242,1.2390594,0.7997538,0.93926555,1.0137199,1.0057088,2.7145023,1.1577461,1.2180042,0.980897,1.0303406,1.0017003,1.1669321
232,1.9914925,0.8933006,1.926429,1.2241714,1.2638016,0.5982711,1.3049688,0.5382257,0.6557331,0.48229256,1.0625968,1.0321989,1.0190612,2.2267482,1.156837,2.1452029,0.95771223,0.7618951,1.0193005,1.4578028
233,1.0888543,0.6096371,1.6394506,1.5368094,1.0290298,1.4684483,0.9660164,0.7542631,1.2305726,0.7853842,1.039077,0.9980068,0.9960079,1.8431672,1.1359552,2.4286652,0.9940741,0.939641,1.0088712,1.0321791
234,0.81259805,1.355468,1.0874577,1.5550971,0.9777502,1.7723006,1.2437023,1.4656734,1.5016065,2.5868137,1.0950783,0.99403584,1.0448917,0.8718959,1.1795264,2.082516,1.0254061,1.0745182,0.9751396,0.10525492
235,1.2523654,1.2605755,0.98164874,1.60149,1.307753,1.2571934,1.0556557,1.5174282,1.7761939,2.0961692,1.0361452,0.99407643,1.0125031,1.419181,1.1236562,1.7768867,1.0087348,1.0228002,0.9956748,0.4607375
236,1.432687,1.1301169,1.283227,1.0881132,1.4562815,0.4699759,1.4281312,1.5485343,1.5096776,0.9678403,1.0330805,1.0175154,1.0125701,1.6478878,1.1242855,0.43865445,0.97876835,0.9308677,0.9845102,1.3573835
237,1.0390141,1.461087,1.0503073,1.5866377,1.1228896,1.4186262,1.5333675,1.8231952,1.9971424,2.385569,1.0361992,0.9955712,1.0124563,2.4123259,1.1215124,2.6989677,1.0180604,1.0596781,0.97742,0.3488397
238,1.4886706,1.3321276,0.9553445,1.7221465,1.1518282,0.94677156,1.2723114,1.6239661,1.7967114,0.6811787,1.0078564,1.0194429,1.0161808,2.667694,1.0440068,0.6057186,0.97817135,0.83546054,0.9746293,1.6047754
239,1.6866434,1.1819336,1.6328199,1.7188332,1.7223799,1.1093825,1.4653482,0.47818768,1.5368524,2.2153656,1.1525512,0.9937931,0.9835553,1.8719233,1.1992195,0.88787484,0.96922845,0.778189,1.0081868,1.4911225
240,0.98769075,1.7072382,1.4711962,1.1450984,1.8647379,1.4044751,1.9045562,0.63462144,1.402115,1.7871608,1.0625412,0.99589694,1.0255316,1.8408786,1.248553,2.2684343,1.0195386,1.0711284,0.99812,0.38248396
241,1.2657115,1.2880492,0.9735331,1.7828565,0.64301777,2.0147414,1.47657,1.8879055,1.1004655,1.0010108,1.0390611,0.98992836,0.98804885,0.6010829,1.1714042,2.740353,1.0225283,1.0285294,1.0006684,0.4758692
242,1.2687526,1.0562973,1.7553096,1.1892183,0.9400029,1.1228427,1.6593634,1.1921433,1.2957399,1.9564105,1.0365697,0.99684983,1.0094165,1.6681305,1.1722211,1.8190205,1.0156555,1.0468473,0.995835,0.50705683
243,1.1318092,1.1950772,1.2232213,1.0779507,1.0555775,1.3097118,0.9849356,1.3180768,0.94731253,2.4976346,1.0544236,0.99873435,1.0317293,1.552197,1.2216866,1.787071,1.008133,1.0734462,0.9986395,0.3693343
244,1.1503847,1.3019996,0.97484106,1.3836522,1.3987358,1.1308516,1.2301435,0.8695719,1.1299291,2.1424963,1.0972649,1.0034653,1.0391345,0.49865162,1.2460017,1.9041753,1.001861,0.99984634,0.9990946,0.30511755
245,0.4644435,0.64880306,1.197278,1.5884197,0.59127283,1.4762348,1.7528628,1.4064137,1.3547441,2.5502675,1.0428841,0.9709226,0.98616076,1.9146303,1.2626768,0.65375865,1.0425099,1.1347181,0.9605502,0.47919646
246,0.93527395,1.2757552,1.5112593,1.1726093,0.72827995,1.7738959,1.748174,1.7543513,1.1498482,1.5375223,1.0147922,0.9855848,0.9999301,0.9932896,1.1813715,1.5266389,1.0367423,1.1418074,0.9847909,0.38511088
247,0.80177456,1.2719164,1.6555138,0.565936,1.835137,0.95431274,1.1407173,1.6468872,1.6749368,2.523781,1.0347106,1.0086652,1.0388516,2.8295465,1.1850643,1.9853659,1.0130641,1.2146516,0.994948,0.3068816
248,0.7356048,1.0594409,0.9937467,1.5205957,1.5361043,1.0903097,1.4927624,1.2162911,2.016687,0.5971124,1.0044091,0.9928913,0.9439725,1.8707339,1.1383978,1.0817672,0.97911525,0.9532333,0.99678856,1.3791292
249,1.6284151,0.9445134,1.5368037,1.5527167,0.918746,0.56096,1.8194883,0.75067914,1.3647668,0.872368,1.0391469,1.0206745,0.97606987,2.8750334,1.1596165,2.338773,0.9615622,0.7978786,1.0116915,1.4720573
250,1.6833262,1.9079351,0.9719514,2.0238693,1.5328187,1.5282849,1.938852,0.9917267,2.0082536,0.5280231,1.1072786,1.0000495,0.9341196,0.51480544,1.1255045,2.211241,0.9508288,0.72720593,1.0284388,1.6074278
251,0.6648337,1.0179064,0.667829,1.1558954,0.8459517,1.0658478,0.98023635,1.4287611,1.2364001,1.8143176,0.9823817,1.0014685,1.0427189,1.8215834,1.2059991,1.6338022,1.0224805,1.1622995,0.9826319,0.3127294
252,1.5777524,1.5968351,1.4108441,1.3574741,1.2165269,1.6360213,1.3588593,1.8447341,1.6861243,0.69176304,1.050148,1.0031652,0.97854674,0.8801528,1.060138,2.3891628,0.98107356,0.92914695,1.0151206,1.1833375
253,1.642519,1.4690671,0.9862322,1.7037458,1.8252094,1.076176,1.2471395,1.0483712,1.8074628,0.9196514,1.0793818,1.0051594,0.9497354,1.3280936,1.136288,2.1123197,0.94717354,0.7874254,1.03245,1.4708028
254,1.6258802,0.9460564,1.915209,1.215831,1.3709979,0.5807509,1.6677697,0.9831181,1.2860172,2.6064014,1.1125402,1.010496,1.0046341,1.8866292,1.2100848,2.6721408,0.9844438,0.92548823,1.007171,0.5217485
255,1.4559395,1.6432123,0.9640977,1.4597955,1.1049063,1.4578408,1.4952552,0.7848396,1.0071902,1.5504597,1.056576,0.99379593,0.98715806,1.7251879,1.2325752,0.90265,0.9819161,0.885779,1.0109094,1.3437307
256,0.8368233,1.0857599,1.9156299,1.1365765,1.3898867,1.6012212,1.6964228,1.1673673,1.4636523,1.0024445,1.0247915,0.987271,1.0150034,1.097206,1.1362151,1.7591639,1.0356317,1.10724,0.9799866,0.4803365
257,0.7641577,1.0833797,1.6140404,1.1608422,1.374982,1.43355,1.8227208,0.58602613,1.1480724,2.5006022,1.0630372,0.9688603,0.9902483,2.3490314,1.288476,0.3980588,1.0249237,1.0613852,0.9764876,0.8911405
258,1.5956438,0.8090643,0.98766035,1.6139867,0.83438,0.943695,0.43236244,1.6829885,1.5014627,2.4234438,1.0329227,1.0095086,1.0211707,2.4668303,1.1030138,2.8118942,0.98776513,0.9717637,1.011887,0.5715853
259,1.4923315,1.4600737,1.5424287,0.87843996,0.83207136,1.7852966,1.1090856,1.0175478,0.37755418,0.79188335,1.0144365,1.0010533,0.9927567,1.7081028,1.2035477,2.0241702,0.9840867,0.9692552,1.0320115,1.2245349
260,0.9947899,1.4630361,1.2639568,1.1221557,1.9352993,1.3585314,1.1126759,1.3568283,1.8263884,1.0761077,1.0150903,1.0049534,1.0358552,2.1406436,1.1217971,2.7084153,1.0139898,1.1137304,1.0009983,0.5512621
261,1.4286504,1.0224104,1.848465,1.0000842,1.3912224,1.396211,0.85571545,1.8964372,1.4223574,1.4700356,1.0130751,1.0007315,1.0121257,2.2883048,1.0633631,2.8750765,1.0066807,1.06089,1.0023191,0.64547944
262,0.59251076,1.1460187,1.4530585,0.639594,1.8018423,1.3204302,0.8059116,0.78090054,1.055284,1.7528642,0.995893,1.0021309,1.0566084,3.0659833,1.2454736,2.1287696,1.0248553,1.2251667,1.0044404,0.34253973
263,1.3166573,1.2702932,1.0134389,1.0879376,1.2086613,0.87366813,1.2002045,1.9055557,1.6042242,3.0677063,1.0334917,0.9894509,0.99853295,2.7499838,1.1830299,1.0258626,1.0016994,1.0720646,0.9870935,0.83395517
264,1.0102081,1.4408202,0.5214258,1.219479,1.3022616,0.7743198,1.3910035,1.3490003,1.4153447,0.8371066,0.95648825,1.0096569,0.99802715,2.83045,1.1821986,0.79991126,0.98508036,0.9887792,0.9879626,1.2922366
265,1.0919039,0.9890662,1.646364,1.7578924,1.267835,2.015088,0.7643873,1.4760586,1.7566433,2.5699105,1.0749338,0.9777311,1.014322,1.4631368,1.081413,1.7381754,1.0264753,1.0298994,0.98598534,0.33329636
266,0.79734665,1.0760646,0.78239346,1.1042469,1.1615604,0.90328115,1.2716471,1.0498745,1.1325116,2.4760072,1.0436852,0.9913449,1.031781,1.7217021,1.2824194,0.75370216,1.0155323,1.1068771,0.9794467,0.58975476
267,1.1575384,0.7737861,1.2779546,1.6014271,1.0527494,1.1224631,0.98722386,0.99432325,1.4002964,2.3602245,1.0794528,0.99634576,1.0291266,1.2509168,1.1787541,1.6807239,1.0086592,0.9981584,0.9932675,0.44530213
268,0.8163423,1.3155131,0.8817609,1.4649767,1.6612512,0.89081544,1.8762461,0.7773319,1.6108184,1.1671332,1.0619786,1.0075659,1.0390475,1.0851272,1.2280805,2.7845616,1.0140628,1.028594,0.978659,0.31954223
269,1.0397267,0.5496195,1.7281547,1.195786,1.3619285,1.0981833,0.6729147,1.955568,1.7734312,1.4851394,1.0038354,0.99688035,0.9992814,2.9211545,1.0337023,0.32964733,0.9980746,1.0088216,0.9705678,1.3221881
270,1.5893981,1.3127322,0.8491339,1.1538849,1.2996945,0.900567,0.6882341,1.0972456,0.71871173,0.3694035,0.9952882,1.0247452,1.0376587,1.6331726,1.1529859,0.9315697,0.971794,0.8962984,1.0109158,1.3043873
271,0.8060768,1.306273,0.88251156,1.5618382,0.5512603,1.9181144,1.6579049,0.68500096,0.7259828,0.882082,1.0013597,0.98186207,0.97906625,1.1724151,1.278172,1.2273448,1.0168648,1.0274856,1.006129,0.85489744
272,1.074714,1.3589644,0.74258196,1.6535907,1.7378383,1.6205882,0.6342024,1.1681211,1.8288679,1.9962653,1.0924764,0.98293334,1.0171053,0.60470617,1.1560316,0.37387148,1.000834,1.0004244,1.0000594,0.9639768
273,1.43748,1.858484,0.5711751,1.4173698,1.7637749,1.641002,0.6948215,1.4238466,1.2589391,2.2124765,1.0419784,0.99432117,1.0186484,1.7943734,1.184821,2.4874575,0.9955066,0.9998319,1.0135711,0.47731632
274,1.5405054,1.1289747,1.1509757,1.3924336,1.7222863,1.0227286,0.7666489,1.4358739,1.6263268,0.8599485,1.054398,1.0062324,0.9679743,1.0284814,1.1008403,1.6657283,0.95669734,0.87165684,1.026159,1.3383675
275,0.7698328,0.9452625,1.1777976,1.4258411,1.5704914,1.1373531,1.3671719,0.7494139,1.4700996,2.2616863,1.0600007,0.9820769,1.0169967,1.6250032,1.2375188,0.9616227,1.0220797,1.0584258,0.97741115,0.52002305
276,1.5855737,1.1163533,2.03541,0.8928821,0.74057007,1.5747429,1.3254641,1.3563943,0.5533745,1.7192892,1.0312457,0.992489,0.99095577,1.3698245,1.1909481,1.6397278,1.0073465,1.0378373,1.0206105,0.7260016
277,0.9317283,1.5214543,0.9552123,0.7934591,1.7344004,0.98028415,1.2338748,1.3636596,1.2198143,2.162514,1.0173789,1.00354,1.026633,2.3015747,1.2474933,2.0213788,1.0054947,1.1336601,0.9972565,0.37803578
278,1.7957668,0.93518454,1.6947644,1.0237503,1.7788477,0.39587206,0.65796715,1.2212596,1.4464085,0.854004,1.0498431,1.0358952,1.035237,1.9798979,1.083682,1.3668559,0.96002454,0.9000889,1.0240343,1.2906048
279,1.0609276,0.99061245,1.3474126,0.9112494,1.049125,1.1685714,1.0452778,1.5016627,1.1093228,1.1105677,0.967414,1.0044764,1.0128924,2.8293877,1.1516159,2.6803646,1.0061299,1.0971247,1.0005671,0.7598832
280,1.1409285,1.4900885,1.09988,1.4123557,1.7047144,1.2463535,1.493565,1.1674557,1.6862011,1.3154544,1.0363724,0.993721,0.97559214,2.3172288,1.1637933,0.6718898,0.98376125,0.92503303,0.99263597,1.3989952
281,1.3732576,1.0981152,1.001066,1.6867793,1.1758913,0.7375185,1.4885508,0.884414,1.5818477,1.138476,1.0217066,1.0090522,0.97306967,2.6844888,1.1636323,1.5018301,0.967868,0.841863,1.0056591,1.3977587
282,1.8224876,1.3580813,1.1891401,1.3187227,1.3027452,0.76880735,1.445033,0.9041848,1.0955532,2.7947288,1.087747,0.99706423,0.98356307,2.7079568,1.2559637,1.4119806,0.9709083,0.87077826,1.0150241,1.2272533
283,0.90814954,1.4311264,1.3338962,0.8070342,1.0944837,1.1815319,1.9853929,0.74354553,0.6959052,0.72732496,1.0331278,1.0080147,1.0519896,0.4476763,1.2724044,2.157441,1.0252825,1.1132638,0.9905127,0.3801179
284,1.0752835,1.9384685,0.5924788,0.9405616,1.1088713,0.99319905,1.7682366,1.5829052,1.0773879,2.8912416,1.0475571,1.0122741,1.027322,2.7774415,1.3003277,3.0357358,0.9967045,1.08132,0.9907772,0.290034
285,1.2159488,1.2244568,1.0168979,1.0910776,1.404004,0.5884604,1.5871379,0.811382,1.1086698,0.84286654,0.99892545,1.0111389,0.98240566,2.2878633,1.2351047,1.45777,0.97321355,0.9412126,1.0107687,1.2283599
286,1.0662446,1.1654644,0.8984421,1.083952,0.8153217,0.5783414,1.6259257,1.3609197,1.2076921,1.3504429,1.0735611,1.0279744,1.0668834,0.2202853,1.2189081,2.630606,1.0030373,1.0634394,0.98654014,0.30168375
287,1.2563562,1.1466992,0.7681336,1.7650714,1.8614947,0.9663753,0.5718031,0.6776068,1.8879417,1.8945786,1.0694818,1.0079827,1.0472057,1.4266211,1.1609675,2.047574,0.9959874,0.9923837,1.019208,0.46269614
288,1.8869843,1.5899351,0.90307754,1.3817155,1.3421959,0.80718344,1.3795335,0.9627012,1.0886317,0.6783031,1.0478735,1.0229354,0.98785055,1.7834145,1.1831009,2.4664633,0.94904697,0.7991783,1.0324442,1.4344304
289,1.4352412,0.97458917,1.0118127,1.7258105,1.6283242,1.2983776,0.54669374,1.0067246,1.5180308,0.85722065,1.0532246,1.0039482,0.97857976,1.9563104,1.1158432,2.8347514,0.9615181,0.84138066,1.0267075,1.259299
290,1.2354066,1.0963886,0.7586791,1.5867107,0.7415287,1.2002474,1.0293944,1.0544386,1.269282,0.6092105,1.0018494,1.0089977,0.9826559,2.1073952,1.1558065,1.9968352,0.97026306,0.8977835,1.0180829,1.3976655
291,1.5329452,1.3130417,1.6216128,1.1650317,1.0096546,0.8607151,1.9273063,1.2914762,1.3934494,1.9419461,1.0340507,1.0027002,0.9981979,1.821107,1.17622,2.046259,1.0038035,1.0097232,1.0034174,0.6192265
292,0.5914127,1.8701549,0.83629966,1.1836538,1.8992764,1.7060801,1.2310811,0.85389465,1.538924,2.4021997,1.0384402,0.99244016,1.046114,2.4611049,1.2607698,1.8868451,1.0267589,1.1698,0.99598444,0.20394388
293,1.7448759,1.8374228,1.4399312,1.4070325,1.8209236,1.6885649,1.4106228,1.3814627,1.4879241,1.0587863,1.085999,1.001106,1.0192875,0.4400965,1.1054695,3.041865,1.0000196,0.9392787,1.0119046,0.6174678
294,0.887469,0.62267286,1.5225847,1.0622714,1.7361506,0.774641,0.5896373,0.65106,1.3967412,2.8542657,1.1517147,1.0085433,1.0772744,1.0814921,1.2493944,1.013019,1.0034131,1.0884798,0.9983502,0.45661658
295,1.5773387,1.7359905,1.6760807,1.478091,1.7100695,1.8368512,1.5122644,1.3561324,1.5414388,0.54872334,1.04069,0.99981904,0.95957047,2.6299691,1.0742751,2.0702689,0.9710911,0.8173629,1.0071713,1.6109483
296,1.7521331,1.361366,0.36675686,1.9745023,1.0812467,0.77699727,1.0035927,0.8853815,1.4514632,2.0871167,1.0886545,1.0146804,1.0317941,0.8102144,1.1952462,2.5677354,0.97750777,0.86391914,1.0206755,0.5488272
297,1.3568835,1.1161778,1.9001963,1.3009725,1.3774503,1.3290294,1.5335232,1.4139026,1.6723862,1.241702,1.065889,0.9948005,0.9980566,0.36258113,1.0932508,1.4999197,1.0079632,0.9982802,0.9983803,0.7094127
298,1.6235476,1.1887476,1.3035395,2.1668594,0.78845453,1.5597872,1.6373483,0.7028368,1.4982315,2.5968463,1.1230054,0.9812312,0.9829786,1.3467137,1.1987395,1.5414152,1.0001796,0.84645593,1.0051525,0.8976464
299,1.0707974,1.680685,1.2899435,1.4942212,1.4878248,1.7783159,1.7895405,1.0319852,1.4859984,2.6341953,1.1234664,0.9765447,1.0174183,0.538762,1.2295623,0.90447843,1.0249292,1.0203288,0.9780938,0.5008233
300,0.71179444,1.1588776,0.8661272,0.8647773,1.223268,0.7972676,1.4791942,1.3153254,1.1686586,0.7733259,0.99724746,1.0162911,1.0571278,1.3437538,1.215749,2.6511843,1.0185122,1.1526504,0.9803003,0.35615015
301,0.8883615,1.4894872,0.6897399,1.2441692,1.6225492,1.3752412,0.93701315,1.2420985,1.1369407,2.6189113,1.067209,1.0016229,1.0388459,2.2998962,1.256542,2.923506,1.0026228,1.0580045,0.9904721,0.21584153
302,1.6768365,1.2866488,1.3361654,1.1498542,1.474904,1.2589542,0.89577997,1.1518922,0.97674584,0.49930802,1.067818,1.0138265,1.014938,0.3790499,1.1426339,2.6335456,0.9740192,0.9143074,1.0294545,1.0157964
303,1.1996627,1.5245347,1.6100206,0.8063337,1.4794155,1.2329491,1.8640668,1.4149942,1.2592735,0.99103105,0.99543864,1.0006764,0.9763254,2.8018427,1.1795025,2.725471,0.9953928,1.0375462,1.0036806,0.989726
304,0.99740237,1.3068981,1.3037064,1.6296751,1.2505686,1.8520159,1.351778,0.9515275,1.446716,2.8353071,1.058028,0.9694743,1.0024025,2.4160113,1.2069213,1.2598472,1.0285352,1.0364289,0.98272216,0.575972
305,0.6231958,1.5191703,1.2075565,0.85922295,1.0410345,1.6432425,1.4916524,1.4873856,0.9484582,2.6424117,1.0910196,0.9943026,1.052114,0.5317117,1.2692943,1.2648464,1.0293019,1.1684886,0.9712179,0.11462443
306,1.9119971,1.5668287,1.1412437,1.4644026,0.845019,1.5394341,1.0995585,1.2844924,1.0627555,2.768326,1.1109438,0.987688,0.99087346,1.3409761,1.2012126,0.98737574,0.97960293,0.8860575,1.0205735,1.2484546
307,1.221482,1.09671,0.92394394,1.5485678,0.91295636,0.9106378,1.3416293,0.99949914,1.2885861,2.8659277,1.1327093,1.0039037,1.0424699,0.7320355,1.2523435,1.5736532,0.99912447,0.97314066,0.9885987,0.46545243
308,1.6407747,1.6152225,1.5385087,1.2989073,1.4193436,1.7168723,1.300381,0.797201,0.8841324,2.1953335,1.040775,0.9838424,0.9685606,2.6121807,1.2208784,2.034586,0.9892007,0.9266963,1.0290732,0.9172614
309,1.8368177,1.1628575,1.2407181,1.5668321,1.0671144,1.1699547,0.75692815,1.6010507,1.5167905,1.7636396,1.0694172,1.0065113,1.0245401,0.33595717,1.0782635,1.9950621,0.9920721,0.9452023,1.0178759,0.60918415
310,0.58054477,0.9763923,1.4784987,1.3638799,0.60662794,1.942664,1.8951955,1.3078295,0.6318331,2.0100307,1.0697855,0.98500603,0.9979735,1.5072703,1.3097272,2.4988754,1.0370034,1.1145713,0.97756076,0.1584954
311,0.8757494,0.95002633,1.090241,1.3848946,0.92550695,1.2939883,1.0980793,1.2132983,1.3679041,2.0732608,1.0202602,0.9893733,1.0274185,1.5759383,1.1832144,1.1933912,1.0249944,1.0987554,0.98415637,0.45684993
312,0.6823483,1.4405525,1.3335834,1.037917,0.8129919,1.6357075,2.0129173,1.2409194,1.2235981,0.86349535,0.9605156,0.9882081,0.9773735,2.5711951,1.2047045,1.7642467,1.0196989,1.1084317,0.9889467,0.9360327
313,1.2483535,1.2861705,0.56892926,1.3642349,1.4461046,0.88007396,1.019573,1.5085634,1.6491313,2.6367893,1.0479198,0.98788714,0.9823836,2.464491,1.2097965,0.74684095,0.9825672,0.9851764,0.99620897,1.1822844
314,1.2059245,1.3708224,0.8780119,1.0920491,1.5792598,0.8921482,1.2175591,1.2096913,1.1720666,1.3772675,1.0440965,1.013674,1.0405079,1.3240198,1.2122021,2.826893,0.997359,1.0359919,1.0006772,0.4495189
315,0.9567326,1.045969,1.2222505,1.0741093,0.95162165,1.0978814,1.1525692,1.4979843,1.1989853,2.6768475,1.0438952,0.99934745,1.027995,2.0323548,1.2135153,1.748512,1.0120068,1.1040161,0.98619044,0.35784692
316,1.479713,1.7663925,0.5633556,1.3177698,1.5372964,0.69220823,1.6305499,1.4576105,1.6077323,1.0821519,1.0351007,1.0117759,0.99428916,1.4092597,1.1745964,0.670022,0.9703758,0.90191436,0.9972255,1.3841686
317,0.9036651,1.0175133,0.7236782,1.1881039,0.796872,1.0052506,1.0935962,0.9452296,0.9721441,1.1740903,0.9957168,1.0006344,1.0403305,0.58520925,1.2277567,0.8465371,1.016894,1.103816,0.9973967,0.56234777
318,0.560309,0.9550596,0.86553437,1.1822675,0.9164039,0.72622913,1.5952288,1.6089944,1.8121557,1.9435126,0.94208235,0.993876,1.0074562,2.938281,1.1786195,1.3132856,1.029542,1.1875112,0.9688045,0.4416393
319,0.7332794,1.1845112,1.4827511,1.1050854,1.5367585,0.939496,1.9726892,1.3681921,1.777628,1.9689637,1.0289898,0.99276996,1.0050938,1.7556368,1.1910181,1.5378013,1.024939,1.1207516,0.970863,0.33497488
320,1.4167576,1.2622328,1.7054696,0.92216367,0.9199623,1.3738757,1.4439836,1.3413043,0.94998425,2.7059872,1.0474398,0.98315483,0.9895591,2.462988,1.2209964,0.94407356,1.0057667,1.0416766,1.0010875,0.9767342
321,1.0180216,1.4832203,0.81544155,1.4781845,0.8953928,1.9522496,1.078888,0.5839625,0.7634294,1.4077787,0.9883057,0.9831481,0.9861888,2.500095,1.2486988,1.716078,1.0016278,0.99228114,1.0181596,0.9763171
322,1.8043623,1.8983951,1.7864721,1.3825595,1.7364377,1.7420002,1.7455676,1.5618601,1.6559789,0.5861901,1.0673726,1.0025418,0.94728875,2.0163505,1.0678493,2.4557014,0.9621523,0.80250704,1.0174556,1.6172462
323,1.6007841,2.0172982,0.8946664,0.9914326,1.8631002,0.6409535,1.6869814,1.3672266,1.4425844,2.760035,1.1147636,1.0170032,1.0227274,1.232932,1.2643313,2.2144136,0.9762234,0.9886646,1.014313,0.47428322
324,1.2540607,1.1288488,1.7201779,1.1262496,1.4858972,0.83982795,1.6263163,1.8453054,1.8815877,2.6355922,1.0780367,0.99902886,1.0000249,1.6533221,1.1353731,1.7621274,1.0041618,1.0464633,0.9828168,0.46204674
325,1.8452473,1.7838914,1.4885678,1.1281497,0.97684896,1.1973709,1.7758597,1.4802849,1.1310222,2.5896413,1.0665939,1.0027517,0.9979138,1.7469853,1.198396,2.2639313,0.9923967,0.9719018,1.0166767,0.60368943
326,1.2419474,1.0556107,1.6337197,0.81706,0.9588623,0.99599093,1.431843,1.6431373,1.2499858,1.0002917,0.9945852,1.0053985,0.9797707,1.9268538,1.1402948,1.7273941,0.9888808,1.0418445,1.0086328,1.0921013
327,1.7938607,0.8969992,1.2659836,1.2860882,1.3989207,0.71708864,0.59301543,1.2455035,1.2000614,1.9481934,1.059855,1.0076051,1.0065964,1.258423,1.1505294,1.7783687,0.9738157,0.9270249,1.0273695,0.8314986
328,0.9886661,1.0579305,0.86351156,1.6039414,1.4125772,0.828016,1.6043652,0.7802045,1.7332572,1.3183812,1.0621943,0.9933052,0.96696854,1.269688,1.2170452,0.753551,0.9787011,0.91352516,0.9988937,1.2937837
329,1.1695895,0.5321167,1.687954,1.5500753,0.96782756,0.83749384,1.27741,1.6552712,2.0805519,1.7807842,1.0615071,0.9994125,1.0203556,0.48520315,1.0577981,1.2032481,1.0175736,1.0408977,0.97960943,0.49264982
330,0.8735073,1.8590093,1.5995047,0.7079082,1.5318725,1.7268435,1.9381541,1.7262487,1.3359656,1.9444493,1.0016296,0.98075056,0.9988895,1.6529411,1.1923244,1.1946598,1.0354275,1.1867473,0.9805919,0.37666893
331,1.2258825,0.9066463,1.4531081,0.6887862,1.1420683,0.8486089,1.1093174,0.9372568,0.58550644,2.2957697,1.0244682,0.99309945,1.0038474,2.4793806,1.2829133,0.9064336,0.99669206,1.0630643,1.0072948,0.94507974
332,1.5799663,0.8200379,1.7818499,0.7311842,0.8276148,0.71895784,0.97378486,1.782518,0.98363096,1.2825278,1.0027764,1.0159311,1.0138946,1.8017992,1.1090934,0.99220395,0.98637617,1.0169263,1.0057951,1.1045549
333,0.6601884,1.8317957,0.767356,1.0764987,1.0734962,1.3702909,1.9279602,1.8936554,1.6052185,2.9836402,1.0707129,0.9923744,1.0296074,1.384921,1.2471553,1.264158,1.0260864,1.1596969,0.96032304,0.2554981
334,1.3008461,1.1357031,1.4946465,0.73930687,0.9029268,0.93539375,1.5150254,0.8617407,0.47829938,2.3144798,1.0337491,0.9954793,1.0190841,2.755031,1.294655,0.5190636,1.0034733,1.0341114,0.9925161,1.099936
335,1.521024,1.67823,1.2052569,1.234,1.8996259,1.1504029,0.78620094,0.86042863,1.4386908,1.040157,1.0618198,1.026203,1.0697416,2.5059414,1.1336317,0.39310458,0.980016,0.9226297,1.006967,1.4704485
336,1.9275641,1.4509339,1.3457894,1.5132046,1.6010677,0.7204184,1.5597095,1.630424,1.9897504,2.2343855,1.0858011,1.0023948,0.97058517,1.439849,1.1132872,1.8752153,0.97214866,0.8788488,1.0146601,0.95614785
337,1.0577934,1.3780258,1.6317451,0.9998674,0.8617006,1.7717406,1.2818124,1.883448,1.1428227,2.4395628,1.0848192,0.9963547,1.0373367,0.51518023,1.1636846,1.7106946,1.023581,1.1202811,0.9846262,0.20775938
338,1.1312819,1.35951,1.3946879,0.77362305,1.1985091,0.9703106,1.709917,1.308323,1.0569167,2.290968,1.0128735,0.9926163,1.0036954,2.281448,1.2491878,1.2299318,1.0129472,1.1105573,0.99281734,0.6300739
339,0.576904,0.9878207,0.8931107,1.0370159,1.7329041,0.55413765,1.0575246,1.3939756,1.986425,2.9509246,1.0492483,1.0020286,1.0407875,2.8635044,1.227049,1.1372383,1.0114032,1.1758213,0.9771333,0.47298956
340,1.824486,1.5339694,1.4332731,0.9235976,1.575838,1.1705066,0.9974151,1.2465314,0.7699808,0.9389814,1.0370132,1.0118139,0.99937314,1.3989407,1.1621369,1.5323286,0.9679408,0.90137327,1.0280726,1.2318625
341,1.4328275,1.089437,0.79930645,1.5416176,1.1770551,1.1313537,0.6385517,0.6977115,0.83536553,1.8936485,1.0887613,1.0120955,1.0533881,0.923288,1.2300446,2.763737,0.98930895,0.9403453,1.0168203,0.42407677
342,1.7054968,1.2771363,1.3182938,1.5919783,0.8515601,1.2033333,1.5374279,1.5976546,1.5221616,2.624491,1.0744838,0.98956394,0.95748234,2.651978,1.1681702,1.1994131,0.9798515,0.88503855,1.0038269,1.3397694
343,0.8487039,1.1919055,1.1819282,1.4452435,1.7197179,0.9542293,1.7382534,0.57285374,1.7589692,1.5775832,1.0490044,0.9920868,1.006002,1.4670738,1.2252113,1.120293,1.0116038,1.0336903,0.9922297,0.671276
344,1.7387354,1.8350592,1.7640836,1.2146254,1.5159069,1.5899891,1.9069476,1.435115,1.4895225,2.4668858,1.1020422,0.9799083,0.9471537,1.7947339,1.1799634,1.0631058,0.9828234,0.9037723,1.0107688,1.2987089
345,1.2908616,1.8958607,1.1250863,1.3289435,0.7798359,1.7903801,1.9567939,1.3152614,0.9548942,2.6209035,1.0468255,0.98532903,0.99228096,1.9502985,1.2681949,1.9113002,1.0173837,1.042804,1.0003184,0.4558518
346,0.9276857,1.3054116,0.9599087,1.1358514,1.3262916,0.9183685,1.6602774,0.9663084,1.3108585,1.5711849,0.97296005,0.993055,0.97232515,2.8978167,1.2456356,1.505716,0.9971509,1.0442768,1.001961,0.89575475
347,1.4103606,1.2595959,1.1147854,0.7248794,1.6055293,1.0098795,0.6533416,0.89652526,0.5020818,0.8034967,1.0213364,1.0095699,1.016248,0.7497188,1.231978,0.92180693,0.97536695,0.9946363,1.0313123,1.0611687
348,1.3963308,1.5365057,1.0131257,1.4942429,1.3811561,1.2342843,1.2546386,1.7457418,1.7699711,0.7194121,0.9989029,1.0082905,0.98753417,2.2321138,1.0619582,0.85785496,0.97831815,0.8954674,0.9912851,1.4604557
349,0.5105812,1.0117636,1.2494738,0.8210954,1.7373167,0.92719215,1.0459831,1.8316103,1.6948204,2.116505,1.068889,1.0096791,1.0560527,1.0242299,1.1742927,1.8766916,1.0173777,1.1908922,0.9692638,0.09574744
350,1.6206446,1.5463545,1.2957876,1.0510216,1.4175515,1.0572203,1.1405251,1.7439834,1.1944649,0.37195614,0.98414385,1.0225538,1.0207268,2.2901993,1.0708897,0.98003614,0.97906035,0.91493547,0.9934455,1.4025035
351,0.7309678,0.9668301,0.5935673,0.8407733,1.6037399,0.607923,0.7384923,0.8159357,1.0787346,1.035995,0.99968004,1.006719,1.0304577,1.1463586,1.2650014,0.5003755,0.99293447,1.1139781,1.0091698,0.8844217
352,0.80400366,1.0767562,1.448942,1.4053793,0.9334259,1.8384434,1.1853796,1.9178227,1.6276368,1.6251063,1.0475464,0.99700433,1.0407808,1.4172593,1.0929267,2.9087682,1.034148,1.1205094,0.97059894,0.23208812
353,1.1797822,1.0977142,0.80896753,0.9510201,0.67522997,0.55851096,1.2983736,1.4840158,1.1281834,0.626418,0.9765024,1.01833,1.0090737,1.098612,1.1778066,0.7829391,0.9832929,1.0319076,1.0056945,1.1445351
354,1.0897598,0.9947795,0.83047867,1.4709902,0.61879396,0.6723613,1.7449679,0.97211736,1.3193572,1.011541,1.0323675,1.0080076,0.99788976,1.411204,1.2181906,0.4371374,0.98593,0.9349711,0.9894561,1.3684995
355,1.5029442,0.8592158,1.2026975,1.549546,0.65428734,0.7139115,1.3755603,1.0521332,1.1272273,2.046531,1.1091466,1.0159342,1.0328258,0.20388639,1.2142633,2.1242657,0.9918532,0.9426741,1.0072026,0.42952767
356,0.97031933,1.2378564,1.5697393,0.99803007,1.1514307,1.5420452,1.4891233,0.8851693,0.84833574,1.3599657,1.0211644,0.99242204,1.0304501,1.264155,1.2203063,1.8147135,1.0282944,1.1047196,0.9943191,0.41884875
357,1.3190005,1.0513186,1.7676721,1.7008362,0.6945655,1.7878846,1.9442999,0.8447606,1.0036587,2.7478392,1.1150638,0.9690012,0.9787352,1.3204995,1.2647483,0.91842914,1.0249637,0.9681162,0.99098694,0.74491733
358,0.7639205,1.5946767,1.048799,0.66798395,1.4329144,1.868935,0.78211564,1.637673,0.7629095,2.7926188,0.99180007,0.97835207,1.0174555,2.8651223,1.2516862,1.2729771,1.024877,1.2022955,0.9895464,0.40918806
359,1.3463895,1.7122798,0.9017111,1.6848981,1.7660031,1.9985996,0.9345487,0.9600907,1.3784118,1.3201255,1.031524,0.98487306,0.95997405,2.6935015,1.1650882,2.6571646,0.9771867,0.8816165,1.0247254,1.1909277
360,1.7105994,1.6363096,1.2441921,0.93275297,0.7853906,0.6827497,1.8904753,1.5564623,0.99081534,1.332505,0.98799694,1.0198238,1.0080103,2.7824788,1.1791081,1.1733005,0.98447096,0.95494825,0.99779254,1.2457185
361,1.5180798,1.5976334,1.3140323,1.5735835,1.1263441,1.8108755,1.2435012,1.1687661,1.1896316,2.3242176,1.0892409,0.99626744,1.0242682,1.5929837,1.1738169,2.9530594,1.0056378,0.9586021,1.0068078,0.42821723
362,0.54230887,1.1010237,1.5163975,1.101546,1.6760057,1.3445874,1.5171072,0.69085735,1.5729965,2.5252185,1.0409493,0.9764948,1.0224596,2.7007027,1.2536688,0.56758034,1.0375537,1.1667925,0.97667074,0.5871862
363,1.3254683,1.2576327,1.5690601,0.96513444,1.4467717,1.1845168,1.4370232,1.3401287,1.2104229,2.7012239,1.079891,0.9817703,0.98963773,2.290903,1.2235594,0.285234,0.9983778,1.0043287,0.98720133,1.2073044
364,1.419189,0.9654203,0.8389883,2.1381893,0.7188287,1.3711265,0.9928121,1.4686152,1.6282678,0.8953295,1.0571883,1.0046226,0.9935823,1.5677075,1.0805061,0.37677446,0.9777312,0.8014777,0.9864445,1.6464677
365,1.8408537,1.6565304,1.912842,1.2080623,1.3173985,1.7318314,1.4849932,1.0525484,0.89008164,2.4017355,1.0764049,0.9919358,0.9964652,2.221846,1.1907561,2.822752,0.99892426,0.9423858,1.0219064,0.6216051
366,1.551764,1.6666999,1.1863697,1.1391685,1.6245855,1.4630903,0.9280309,1.4857984,1.0433081,0.67759216,1.0197318,1.008516,1.02189,1.6060833,1.1087743,0.41647682,0.98373836,0.9106686,0.99578,1.395987
367,0.9785884,1.2736156,1.4788692,1.0217371,1.0952643,1.0398151,1.8295839,1.551682,1.5088315,2.3171387,1.0105546,0.99437976,1.0012656,2.3954778,1.1916567,1.7102907,1.0197371,1.1177713,0.9823053,0.42421266
368,1.3605735,1.1008191,1.4164875,0.53746086,1.5973349,0.73515004,0.83720374,1.0697284,0.63644755,1.0832545,0.9988421,1.0124302,1.0138738,1.796856,1.2204218,1.1030577,0.98047197,1.0389026,1.0231622,1.0047858
369,1.1656227,1.1399443,0.92595786,1.8600676,0.78490233,1.4614815,1.1781104,1.1376466,1.5886288,2.2742078,1.021163,0.98754585,1.0098414,2.121543,1.1581159,1.8464456,1.0182048,1.0120842,0.9946903,0.49250892
370,0.9756257,1.1184564,1.7491701,1.302675,1.2288666,1.713121,1.3540349,1.4714743,1.5784255,1.132643,1.0110788,0.9854029,0.9690896,2.3930945,1.0953234,0.5496032,1.0012293,0.98200893,0.9846997,1.3605752
371,1.0185404,0.61218196,1.3196349,0.8264764,0.7303501,0.95072705,0.79247636,0.99650997,0.6141182,0.65259147,1.0147845,1.0067667,1.0232732,0.31078172,1.2060539,0.3164095,0.9935042,1.051609,1.0095307,1.0873132
372,0.92259675,0.98660225,0.6916879,1.0976214,1.2932018,0.8985664,0.6851935,1.1000249,0.98506045,1.9081563,0.9981561,1.0023983,1.0349187,1.9199375,1.2376107,1.6987841,1.0050858,1.0988846,1.0005355,0.41403314
373,1.7597582,0.83884627,1.6806967,1.6683424,1.5898247,1.0833083,0.85356706,0.83912337,1.3793311,2.6660423,1.1486266,0.9956281,1.0137043,0.84454453,1.1632745,1.8325703,0.9858543,0.86668116,1.0128381,0.65663505
374,1.2811248,1.1327698,1.3243122,1.1843915,1.5069807,0.9339308,1.2925035,1.3675792,1.5134108,1.0886625,1.0393577,1.005372,1.0264696,0.46774328,1.133326,1.8501706,1.0072081,1.0411454,0.9979799,0.52931726
375,0.6925996,0.7837749,1.4078734,1.5636265,1.7345489,1.1574029,1.2803061,0.9662203,1.7530777,1.7818595,1.1086934,0.9997142,1.0436673,0.65051496,1.1695023,2.3460603,1.0190502,1.0333283,0.9709691,0.1639596
376,1.3490388,1.5683651,0.9393576,1.4453745,1.681683,0.9423215,1.7292259,1.0663128,1.6317725,0.5587803,1.0195806,1.0099844,0.9563335,2.7413788,1.168974,2.4075158,0.9592426,0.84733486,1.0118175,1.5095415
377,1.4034202,1.495563,1.3378713,1.1802814,1.6752003,1.2853471,1.2910861,1.132396,1.2018307,1.3735541,1.0189253,0.99699897,0.9778137,2.63553,1.174206,1.1797104,0.9804487,0.9233141,1.0072639,1.2782645
378,1.7862692,1.1612928,1.3487284,1.1913195,0.8192094,1.2568673,0.61633354,1.9289374,1.0038433,1.971505,1.0293598,1.0072001,1.0306844,2.5259032,1.092922,0.6044345,0.989756,0.9442814,0.99266124,1.2982008
379,1.382225,1.0498447,1.8117337,1.0258224,0.7980915,0.69582385,2.071783,1.3354434,1.2834989,1.8678797,1.0353041,1.0065234,1.0011681,1.7635266,1.1922935,2.0389645,1.0077212,1.0420462,0.9966487,0.56959915
380,0.8930462,1.4106772,1.4219422,1.2286053,1.225645,1.7730104,1.4434907,1.2902669,1.248658,1.9784569,1.0488653,0.9915475,1.030514,1.7558994,1.1879867,2.4737787,1.0277475,1.0944691,0.98265827,0.28518158
381,1.2807901,0.608741,1.3548839,1.3670273,1.7670302,0.68924135,0.5936368,0.967153,1.6034287,0.9836494,1.0621555,1.0160023,1.0451918,0.8930191,1.1165926,2.4352326,0.9926702,0.9949714,1.0109874,0.59503627
382,1.0530999,1.240114,0.44771516,1.6584396,0.6463965,1.453663,0.9381636,0.86679375,0.856671,2.8199158,1.0224097,0.99008036,1.0186445,2.843051,1.2879956,2.051246,1.0089854,1.0264647,1.0025629,0.46538872
383,0.5880651,1.0430875,1.3406918,1.2698185,1.3329502,1.9251596,0.9589066,1.3309639,1.4752502,1.8524107,0.98629767,0.9676037,0.9663725,2.9087481,1.1622833,0.6966164,1.0167191,1.0925775,0.986668,1.0235705
384,0.8088531,1.2392242,0.67205423,1.1451383,0.95649076,1.2428981,1.1233819,1.2470106,1.1577139,0.8829601,0.96846426,0.99887383,1.023155,1.2182685,1.1949933,1.3073722,1.0145004,1.1164097,0.99648166,0.6716453
385,1.9430351,1.3072076,1.4721813,1.8273475,0.7683059,1.7581607,1.2364926,0.5274013,0.7316029,1.5201553,1.0980392,0.99822104,0.9930205,1.1265169,1.1989969,2.8169174,0.9822371,0.8128806,1.0389433,0.9411128
386,1.8273356,0.90923077,1.6500299,1.3492688,0.8626489,1.0960339,0.910605,1.5734198,1.2913262,1.0389484,1.0505881,1.0135311,0.97784275,1.6151738,1.0779903,2.2343118,0.96211505,0.8631984,1.0284438,1.3520815
387,1.8778393,1.5297773,1.2146189,1.292211,1.2142745,0.56044,1.6490414,1.7082695,1.5341973,1.0503485,1.0523111,1.0256197,1.023071,1.6304508,1.0933762,0.56213176,0.9725962,0.8487778,0.98541975,1.4878051
388,0.77978176,1.662622,0.97317725,0.75276,1.7002085,1.3463129,1.2796352,0.8979283,0.6141266,2.756404,1.1122472,1.0012815,1.0535033,0.8848094,1.3556995,1.6921163,1.0068783,1.1072396,0.99216175,0.14550388
389,1.1725168,1.0778227,1.7763944,1.5637386,0.9143553,1.518324,1.7850239,1.8147491,1.8408082,0.36200383,1.0100474,1.000113,0.9478334,2.3300085,1.0440612,1.2818025,0.98693943,0.90023077,0.9862497,1.5726779
390,1.1735759,1.3272254,0.8021642,1.2456484,1.7444412,0.8560359,1.027677,0.82746714,1.4734294,1.1675491,1.0342019,1.0064448,0.9905824,1.7349558,1.2140512,1.127415,0.9697426,0.9603742,1.0243342,1.2222443
391,1.249387,1.031672,1.4054122,1.4958212,1.1886505,1.6428682,0.8071176,1.6900821,1.6639559,0.7932098,1.0377767,1.0023578,1.0388796,0.72882116,1.0364226,2.7513323,1.0163543,1.0344694,0.9939708,0.55628216
392,1.601325,1.8215237,0.46357983,1.5516081,0.97102916,0.77369016,1.6967747,1.1770087,1.3220226,2.9557848,1.070388,1.0120302,1.011108,2.3248672,1.2692379,2.791852,0.98059195,0.9332787,1.0109005,0.48664916
393,1.1367862,1.2919419,1.2107038,1.0019381,1.2589058,1.2587572,1.2560804,1.2440215,1.120572,1.0096536,0.99354285,0.9973459,0.970152,2.118349,1.1904947,1.5989692,0.983105,1.0053511,1.0159261,1.1757654
394,0.98141986,1.6198797,1.610739,0.98049,1.4438626,1.5457028,1.8713543,1.6870348,1.5844336,2.3461866,1.0165098,0.9802005,0.9907917,2.1882248,1.1736988,1.3265228,1.0290457,1.1342084,0.979468,0.46881562
395,0.65886,1.4875698,1.0352106,1.3411424,1.7222204,1.5402659,1.3430842,1.6144574,1.7359943,2.775189,1.0738585,0.99271303,1.0248927,2.3420224,1.1964465,2.7287529,1.0184414,1.0960138,0.9686706,0.12272531
396,1.5159245,1.0489349,1.8103085,1.1438673,1.1129707,1.4763678,1.1586782,1.0499104,0.95664495,1.9722532,1.1191993,0.98648816,0.9956518,0.42721927,1.1929251,0.3025736,0.9899959,0.93565565,1.0084943,1.2558973
397,0.69041675,1.0436368,1.4226556,1.240443,1.7082704,1.4133407,1.2128656,1.1212251,1.3599247,1.8594865,1.1014097,1.0017436,1.0517802,1.0806786,1.1992519,2.8304417,1.0191408,1.0720297,0.9741427,0.13559657
398,0.9473749,1.0424521,1.4007485,1.5993733,1.8810116,1.419567,0.7956176,0.5733679,1.7783664,2.2180912,1.059382,0.9965064,1.0383325,2.9044247,1.1717503,2.618214,1.0143656,1.0492845,1.0062569,0.37968528
399,1.7580655,1.3467596,1.517077,1.2949543,1.0882472,1.4088765,1.2291386,0.78385824,0.71558064,1.8557628,1.105362,0.9968157,1.0119064,1.1634575,1.2150447,0.611704,0.98299325,0.8643371,1.0106924,1.3338807
400,1.1732035,1.2705309,1.4503319,1.4746606,0.7779485,1.8500715,1.4338052,0.83020073,0.96875334,2.3181746,1.0207434,0.97640777,0.9912354,2.5727305,1.2245765,1.5526786,1.0219351,1.0266862,1.0021071,0.68156874
401,0.85330766,1.4631839,0.7563974,1.3602698,1.5303897,1.4276897,1.3701572,1.117956,1.5151827,0.44217268,1.001762,0.9959645,0.98232144,1.5009594,1.1765336,1.8423164,0.99161166,0.99832416,1.0024939,1.088545
402,0.9341703,0.91846424,0.8363183,1.354882,0.5138626,1.1606311,1.5772055,1.366564,0.8114834,1.4306617,0.96751297,0.99373007,0.98463404,2.3361325,1.2720895,2.0872166,1.0193682,1.102073,0.9986335,0.5267285
403,0.85317343,0.5536217,1.210105,1.5389363,0.85952115,1.2262293,0.89231855,0.79502255,1.297543,1.2576905,0.99653506,0.9921934,0.98302406,2.3491945,1.1728784,1.4354415,0.9956574,0.99014115,1.0053685,1.0276158
404,0.70582443,1.209064,1.4575651,1.1726191,0.72795147,1.7957921,1.9057634,1.7116642,0.96110463,1.3934032,1.0706339,0.99839926,1.0256462,0.6729709,1.2295668,2.777423,1.035245,1.1339965,0.9730781,0.17707008
405,1.0308633,1.4100199,1.1450996,0.79009944,1.8164381,1.1060847,0.6802227,1.2745458,1.1103876,2.911067,1.0784522,1.0117407,1.0509653,2.455536,1.2555573,2.4769938,0.9943581,1.113178,1.0095986,0.26205266
406,0.98780876,1.392096,1.5643113,1.005554,1.5365897,1.2701272,1.626995,1.2035145,1.1490438,2.8886342,1.098092,0.99729556,1.0187262,1.9326934,1.2596316,2.3219852,1.00816,1.0578676,0.9860511,0.23131558
407,1.5585809,0.545597,1.8126762,1.3641405,0.7897207,1.4596673,0.57460684,1.4637486,1.0659759,0.80128896,1.0539382,1.0037487,0.97050416,1.224456,1.0874622,2.1245995,0.9694574,0.89503956,1.030694,1.3307855
408,1.4798548,0.65060264,1.27022,1.7089756,0.6743454,0.92772335,1.0083082,0.8578007,1.2223685,2.0275497,1.0754256,1.002862,1.0271429,0.8699726,1.175383,1.6876462,1.0005405,0.9461414,1.0079174,0.5897463
409,0.7966929,1.1017461,1.3333979,0.4178241,1.2661415,1.0144733,1.1518939,1.781715,1.0261176,2.0084171,0.96445394,0.98889405,1.0146304,2.2445397,1.2128263,0.5329238,1.0243944,1.2328452,0.9830547,0.6192787
410,1.298682,0.87553436,1.0210578,1.8930404,0.8672275,1.5382227,0.60758704,0.8064801,1.2534271,2.0320706,1.03374,0.99231356,1.0271615,1.9881395,1.1530652,2.3247852,1.0105042,0.96973103,1.0082561,0.49589425
411,1.2130218,1.1574798,1.3799994,1.4338017,0.77986836,2.0628035,0.829241,1.205824,0.90834737,1.5488315,0.9953855,0.9808862,0.957182,2.7403002,1.1658666,1.4654659,0.9926511,0.9671419,1.0206435,1.207653
412,1.0766895,1.5774426,0.7025291,1.6146712,1.2411796,1.7072085,1.0998937,1.5170027,1.6489289,0.2852272,0.9769715,1.0017667,0.9729514,2.7732735,1.0903238,1.8487451,0.97721493,0.9085264,1.0001925,1.5535402
413,0.9848854,0.66343457,1.6355505,1.6652417,0.9458252,1.5975522,1.1129153,1.0783213,1.6444707,1.9149197,1.0673364,0.9775769,0.97386014,1.7464236,1.1335295,0.7014332,1.0026765,0.96058303,0.99144936,1.1771173
414,1.1554608,0.7061195,0.7902204,1.8724964,0.60600877,1.3447355,0.68355536,0.9403663,1.0931126,2.1626234,1.0340351,0.99245656,1.0190697,1.6719224,1.2042482,1.8016925,1.0102727,0.9966011,1.0049386,0.47769988
415,1.0370548,1.6456616,0.8108807,0.86457914,1.5423982,0.88498706,1.4056598,1.9507517,1.4349213,2.219397,1.0614595,1.0150205,1.0379864,1.4117008,1.2099516,2.6229396,0.99821675,1.1024644,0.9848633,0.27315727
416,1.7943883,1.5057325,1.2830129,1.5374937,1.5991466,1.4810113,1.0353636,0.8614772,1.0035592,2.610913,1.1151295,0.9888857,1.011688,2.586887,1.2070053,0.54152775,0.98216933,0.8218864,0.99527824,1.4413216
417,1.7318532,0.8692151,1.7283204,1.4401255,1.8357617,0.63958925,1.0195873,0.5937857,1.6462662,1.12039,1.1142355,1.0182394,0.9828837,1.2884132,1.1460823,2.1967885,0.9484001,0.8188559,1.0447655,1.3146
418,1.3937876,1.6267743,1.0470209,1.5403371,1.5638725,1.5104598,1.5105324,0.9880216,1.4402342,2.748348,1.1094158,0.97521347,0.9741688,2.212192,1.2404987,0.43859258,0.98762625,0.8943876,0.9933251,1.38569
419,0.9383095,0.76756173,1.6715539,1.7212937,0.74378014,1.5898668,1.657983,1.6410109,1.3603003,2.7827704,1.1432911,0.9926762,0.99960995,0.8276576,1.2126894,2.4304917,1.0182997,1.0138365,0.9769496,0.13134518
420,1.3212681,1.2797146,1.7658682,1.0660515,1.9195472,1.171564,1.0328345,0.99203986,1.6960177,1.5366558,1.0580771,1.0086126,1.0270572,2.0294518,1.1391519,2.2271826,0.99757266,1.0524588,1.0237514,0.7115693
421,0.95094234,1.0318329,1.620472,0.9607455,1.0066116,1.546022,0.900609,1.9619956,1.3266058,2.5282364,1.0175178,0.99123013,1.0198679,2.2111878,1.1304969,1.7588031,1.023263,1.1542709,0.98458934,0.33134145
422,1.5534093,1.3514194,0.7074515,1.4032049,0.78332305,0.7165498,1.3649848,1.5241694,1.5044283,1.093875,1.025532,1.0171615,1.0183419,0.54693186,1.1419195,1.9167697,0.98652816,0.9772442,1.012292,0.8064479
423,1.3171778,1.4817035,1.420582,1.3677411,0.82168806,1.8393768,1.6587877,1.8024229,1.3637526,2.0797386,1.0512967,0.97633964,0.9473597,1.9154341,1.1723076,0.56882834,0.9988097,0.9802047,0.9971255,1.312969
424,1.0913508,0.6102013,1.6405916,1.2230055,0.6127312,1.6198932,0.9704822,1.5285145,0.8810942,1.1593925,1.042007,0.98616093,0.96983284,0.7331357,1.1686242,0.29899725,0.99846745,1.0106792,1.0051239,1.2243626
425,1.2525084,1.2805731,0.7852827,1.3661956,0.5984627,0.9723863,1.8234181,1.4398601,1.0436883,0.7743584,0.9829782,1.0064031,0.9521738,2.206348,1.2310488,1.5121093,0.9782784,0.9489371,1.0112952,1.3066213
426,1.3837852,1.0748446,1.3229165,1.7811997,0.72376406,1.4892153,1.3261636,1.1451538,1.0800893,0.4486238,0.9983391,1.0082809,0.9879618,2.7752,1.1150312,0.95185184,0.9850996,0.8319611,0.9923333,1.5445583
427,1.079881,1.4564488,1.7328868,0.6658814,0.8883835,1.9263812,1.206538,1.6700244,0.75172573,1.0611473,0.96924835,0.9891865,0.99770486,2.0398135,1.1447955,0.45438674,1.0138271,1.1016593,0.9961974,1.1261976
428,0.6094406,0.8518391,2.0293276,0.72651345,1.6776046,0.9057593,1.8762462,1.7562407,1.8283619,1.2500346,1.001126,0.9985272,1.0128431,2.2421083,1.121674,2.3020623,1.0326396,1.1879365,0.96147734,0.3719378
429,1.1875749,0.7839461,1.4615648,1.6676848,0.6784452,1.1561848,1.8102373,1.1483862,1.2914562,1.5949013,1.0553722,0.99110687,0.9589491,2.4082875,1.2036784,0.5904703,0.99162,0.8952317,0.98595136,1.4399395
430,1.0817089,1.2973087,1.653353,1.3328617,1.321127,1.8939799,1.2909663,1.3281385,1.3581073,1.2164596,1.0686367,0.9954986,1.043018,0.67482126,1.1181787,2.7043328,1.0283825,1.0591837,0.98646516,0.34143198
431,1.4953899,1.3291342,0.99784356,1.627255,0.79093516,1.2771796,1.31085,1.4132625,1.4390066,2.4385333,1.0313731,0.99253076,0.99791175,2.096861,1.1706809,1.8617935,1.0047699,0.9909717,1.0050901,0.63412017
432,1.4278688,1.2166274,1.4680328,1.0928698,1.0503823,0.8676767,1.452374,1.436072,1.1763941,2.636212,1.0952458,1.0124905,1.0258254,1.499839,1.2102305,2.5048118,0.99265885,1.0046324,1.0003923,0.39197946
433,1.0929241,0.8762191,1.7019548,0.89493865,1.3328978,1.542817,0.7099982,1.4369476,1.0512612,1.9155165,1.0474923,0.98114115,0.99829215,1.2762525,1.1638851,0.3492929,1.0057453,1.0699992,0.99889207,1.002667
434,1.6630754,1.2550817,1.1587553,1.3196979,0.8985847,0.74621624,1.3801626,1.6567236,1.4662492,1.539492,1.0527697,1.0135657,1.0148737,1.6327575,1.1202545,0.55432105,0.98009807,0.9062021,0.9901123,1.38128
435,0.7770249,0.9143576,1.5799603,1.1338375,0.94506586,1.3465682,1.5610304,1.2972988,1.4327506,0.65660167,0.9895432,0.9974551,0.99763554,1.9805877,1.1374165,2.0464058,1.0143852,1.0785758,0.98779714,0.87809706
436,0.92590064,0.571256,1.1073663,1.0675583,0.69114804,0.96746725,0.74427044,1.0101968,0.81988287,0.62688625,0.9884981,1.0117772,1.0557954,0.9605572,1.178686,1.9381201,1.0142063,1.1042056,1.0002198,0.56848025
437,1.3046272,0.55239254,1.4599915,1.7384233,0.7815615,0.8980836,1.3729153,1.1542934,1.7292808,0.56759536,1.0587122,1.0090649,0.9599124,1.2100451,1.10475,2.050497,0.9672495,0.8530499,1.0139433,1.3917122
438,1.4318156,1.557456,1.1150894,1.8417706,1.2240584,1.649284,1.3907273,0.84519106,1.4025631,2.8853457,1.064946,0.9857052,0.9960523,2.7767587,1.2086989,2.6256557,1.0045792,0.9335279,1.0063405,0.47753847
439,1.3024907,1.6867108,0.7094609,1.1102972,0.8785814,0.99730104,1.6636552,1.5862777,1.3781645,0.917555,0.99730194,1.0068266,0.98702073,0.7946571,1.1804565,1.1539869,0.98604476,1.0182929,1.0121149,1.0509095
440,1.3913426,1.5305369,1.0296898,0.8332618,1.5339376,0.7136759,1.4348522,0.89856106,0.6714848,2.4992244,1.0616106,1.0102693,1.0181893,2.101738,1.3212876,2.3799272,0.98351234,1.0090218,1.014679,0.47525644
441,1.6220913,1.3915691,1.2929871,1.447515,1.0721319,1.2762569,1.4479319,0.9439147,1.0670552,2.584472,1.0940373,0.9906322,1.0052035,2.5636034,1.2244226,0.5606426,0.98938304,0.87942153,0.9915461,1.3788795
442,1.7706678,1.7942028,1.8336599,1.1333369,1.4944512,1.6951007,1.4859865,2.002251,1.5069427,2.3919582,1.0728132,0.98695815,0.9874495,2.571619,1.0923315,0.46647182,0.99531597,0.9306079,0.983935,1.3884215
443,1.4516206,1.4870706,1.022481,1.3783796,1.7674319,0.9183349,1.2518244,1.247881,1.744941,2.7223692,1.0780845,0.9966199,1.0086818,2.0469193,1.1964206,1.6030266,0.9928332,0.9928993,1.0050861,0.68589574
444,1.2777333,1.2749817,1.3337164,1.1347241,1.1840005,1.3288094,1.0565401,1.3150669,0.9430548,2.2472267,1.1175432,1.0120311,1.0541276,0.6678015,1.2106397,2.7714021,0.9994393,1.0158964,0.99905926,0.26500964
445,1.1954305,1.7025988,0.5576567,1.3770158,0.9673792,1.2099785,1.6084423,0.87876666,1.0156728,1.8106667,1.006811,1.0033607,1.0256376,2.414894,1.2669833,2.7668722,1.0070943,1.0286717,1.0035509,0.49293414
446,1.3115311,1.4723125,1.5461183,0.50577503,1.7503875,1.0340003,1.3831666,1.5770892,1.0398948,0.9945642,0.9959973,1.0068139,1.0004573,2.1382914,1.1794666,2.455153,0.99349844,1.082167,1.0105978,0.83162206
447,0.4241436,0.6269564,1.1243389,0.7323672,0.8974122,0.95917064,0.8241286,1.7808485,1.098793,1.2253405,1.0169543,1.020357,1.0838475,1.3579756,1.1731653,2.831499,1.025052,1.2205414,0.9668805,0.14349428
448,1.0960033,1.4235032,1.5354366,1.1253736,1.3038703,1.9232148,1.1233139,1.6670327,1.3935275,1.6361245,1.0266129,0.9791926,1.0081962,0.6361679,1.1168416,0.74277735,1.0272256,1.1087493,0.99234676,0.60372937
449,1.4881506,1.1910167,1.4508276,1.2046146,0.82003427,1.1815592,1.5036421,1.3183969,1.0731511,1.1125346,1.0235019,1.0092655,1.0105358,1.8446548,1.1625057,2.9798377,0.9993476,0.99699485,1.010425,0.76326805
450,0.78416115,1.4176555,0.99012536,0.9751623,1.7094786,0.76228017,1.815552,1.2282428,1.437676,1.609502,1.060296,1.0077894,1.0354089,0.7004365,1.2472808,1.8942297,1.011414,1.100496,0.97841156,0.267552
451,2.043572,1.2210035,1.709821,1.3047999,1.3967448,0.759365,1.1478102,1.9205788,1.6397318,0.7611686,1.0363213,1.0280869,0.9961572,2.4218435,1.008174,2.0290203,0.9578371,0.81284475,1.0067253,1.5014212
452,0.34415072,1.0410736,0.7516741,1.2951989,0.6937294,1.3086743,1.7449125,1.5047296,1.3334243,1.1552802,0.9599479,0.9975317,1.0240716,2.5884666,1.22493,2.7104917,1.0408356,1.1948202,0.96482724,0.28453732
453,1.312778,0.78606564,1.1237473,1.8745189,0.6917346,1.1551589,1.5188489,1.3822458,1.4804924,1.0347755,1.0417451,1.0022162,0.9760764,1.5048088,1.1564021,2.7485263,0.9956261,0.93293935,1.0051117,0.82967275
454,0.8127586,0.98565954,1.0486994,1.7096946,1.2173887,1.1856195,1.5645984,1.0483606,1.9541426,0.3847176,1.0369521,0.9977421,0.9853657,0.4982754,1.124338,1.3427154,0.99703246,0.9636252,0.9915697,1.0409641
455,1.7729263,1.4557352,1.0907781,1.0812173,1.6020797,0.83171695,0.929448,1.5834261,1.2461295,1.5249795,1.006581,1.0114533,0.98175526,2.7098446,1.1428838,1.9595149,0.96275014,0.9158083,1.023855,1.1956584
456,1.4202325,1.5066514,1.0342097,0.89230686,1.678364,0.46439356,1.6013429,1.8214033,1.6970752,1.0925809,1.0015001,1.011593,0.96682227,1.6911076,1.1496071,1.2966595,0.9687117,0.98702574,1.0095096,1.1758785
457,1.2510207,1.2607546,1.2597957,1.1375027,0.74576116,1.1581172,1.49814,1.692933,1.2481332,2.049659,1.0262488,0.99874544,1.0107969,1.2487756,1.181287,1.4833755,1.0133381,1.085198,0.99580055,0.49402326
458,1.6294808,1.5885208,1.123302,1.738178,1.0562408,1.5197273,1.5253901,1.052805,1.4961213,1.1780704,1.0654038,0.99886465,0.9718053,1.170314,1.1460409,2.1720433,0.97613955,0.8521801,1.0237726,1.1747906
459,1.2677169,1.60182,0.9894356,1.3132305,1.6236333,1.56362,1.1115639,0.62135994,0.8037965,2.10988,1.0617087,0.99077344,1.0217158,1.3732291,1.270434,1.9635639,1.0042825,0.9968051,1.0127587,0.43093848
460,0.64025563,2.101605,0.7342057,0.71049374,1.7486023,1.8066202,1.3632917,0.69141287,0.74636,2.6938388,1.0398884,0.980682,1.0435525,2.2893662,1.3716809,0.7015542,1.028675,1.2005533,0.99560803,0.4925112
461,1.8853827,1.4282284,1.5397179,1.4884741,1.7483654,1.1978534,1.2909262,0.84836644,1.2888702,2.163559,1.0712847,0.99507767,0.9612361,2.6829634,1.1850508,2.6728523,0.9686079,0.83902395,1.0329144,1.01228
462,1.7731895,1.2683108,1.8366864,1.1083565,1.6517911,0.8695561,1.5367537,1.2793664,1.3611162,0.72422826,1.0649196,1.0145556,0.97336453,1.4943932,1.1180925,1.9054677,0.9608716,0.84596795,1.0187131,1.3956454
463,1.9938736,1.857182,0.7382967,1.137113,1.6368774,0.9782228,0.94708914,1.4863082,1.0442872,1.7003721,1.0727329,1.0098201,1.011127,0.93358004,1.1839869,0.91240144,0.9633606,0.8810534,1.0216254,1.2630115
464,1.0272832,1.5109105,1.1743093,1.1489022,1.8027413,1.2103032,1.4302046,0.53582203,1.0395962,2.355482,1.0757512,1.0015714,1.0315799,2.3685741,1.2990615,2.6702251,1.0033019,1.0342338,1.0043986,0.34012327
465,1.8830926,1.5153718,1.7219934,1.4295733,1.3392303,1.3956326,1.6367162,0.86044115,1.1742041,1.4225918,1.0855606,1.0002447,0.9621713,1.7174827,1.1730894,2.6001556,0.96782553,0.8232633,1.0338559,1.2133627
466,0.8221002,1.1021502,1.1437633,1.5116229,0.6107696,2.0002663,1.4604384,1.7663628,0.9123968,2.4492502,1.0032743,0.9721028,0.96054333,2.5325556,1.2556319,1.7713311,1.0315021,1.1188033,0.9906161,0.3612571
467,0.64682907,0.73706347,1.4425642,0.79336864,0.9185145,0.6845445,1.6071019,1.8404227,1.6505122,0.77169704,0.9487749,1.0079541,1.0194635,2.1305542,1.1199478,1.9379838,1.0249705,1.1959713,0.97205573,0.5945613
468,0.62679034,1.1212456,1.4757991,0.8979121,1.116002,1.209567,1.6667024,1.6439458,1.4711277,2.1578164,1.0455066,0.9910159,1.0296662,0.94743145,1.1955658,0.8105447,1.0340157,1.1827793,0.9643292,0.32949215
469,1.3196156,1.0642722,1.7428334,0.5111491,1.3574543,1.2264651,0.7870465,1.5027004,0.618104,1.3934814,1.0272195,1.0065417,1.0388713,1.0539976,1.176764,2.0192266,1.0060133,1.112833,1.0099838,0.5077114
470,1.4083486,1.0751064,1.3053253,1.5833168,1.7123729,0.7075886,1.4810369,0.64250153,1.8100579,2.8147807,1.142656,0.9934346,0.99486995,2.465722,1.2348102,0.56352997,0.97666514,0.87244916,0.9960664,1.413141
471,1.431546,1.181242,1.4132223,1.7827699,1.2951485,1.4333969,1.2823145,0.86181384,1.4895344,0.616434,1.0498686,1.0027906,0.97475255,1.821457,1.1060387,1.2587787,0.9714591,0.79905015,1.0075423,1.5256472
472,1.7248118,1.0985277,0.9273334,1.2696013,1.208335,0.7022416,0.63308275,1.321098,1.0099283,0.60464776,1.0458263,1.0262202,1.0433766,0.6252911,1.118514,0.5359559,0.9677367,0.87063533,1.006679,1.3612251
473,1.1228704,1.6866982,0.5562332,1.5139565,1.1150186,1.6693708,0.85648495,1.9164957,1.6008513,2.9190729,1.0167804,0.99164593,1.0147243,2.821918,1.1571894,2.4471846,1.0093744,1.0720056,0.9925639,0.35160425
474,1.2587733,0.5954166,1.3789003,1.7046311,0.6261498,0.92692894,1.6917138,0.9917093,1.224968,1.6182972,1.0394166,0.9935418,0.9328775,2.5978346,1.2299976,1.4513786,0.9777106,0.88327175,1.0105362,1.3151805
475,0.7100461,0.5242941,1.7364371,1.5092323,1.0864297,1.8219408,0.7303169,0.9390501,1.2412161,1.8360673,1.0334507,0.9867488,1.0378982,2.4380713,1.1393512,2.6787083,1.0347642,1.0842606,0.9809874,0.2930581
476,1.4824908,1.5607724,0.5371581,1.6059291,1.5397011,1.0528873,1.060604,0.8319585,1.1784886,2.1387835,1.0898288,1.0086658,1.0330039,1.1490058,1.2436231,2.7057378,0.9846724,0.92357814,1.0142289,0.44353187
477,1.813992,1.7497275,1.0738401,0.77993125,0.8440776,1.1690193,0.946848,2.009541,0.6878271,2.702755,1.0872692,1.0212362,1.041213,1.1929475,1.2084854,2.8264434,0.9789698,1.0183711,1.0206794,0.44924372
478,0.86923105,1.6271508,1.0708022,1.1292514,0.9974036,1.6805654,1.7533596,1.1263038,1.1052904,0.7218157,0.9927187,0.99525523,1.0363686,0.9716438,1.1970459,2.0328033,1.0347211,1.1279404,0.9874287,0.4637345
479,0.919097,0.98550445,1.3750052,1.6047146,1.6067847,1.6068896,0.81121856,1.409665,1.7711161,2.7426817,1.0651876,0.9823531,1.0111094,2.1030746,1.1330967,1.898499,1.018079,1.0461409,0.98241746,0.30297804
480,2.1852322,1.994698,0.9764245,1.3991146,1.3956918,0.90714043,1.5631562,1.3174638,1.21907,0.7090157,1.0706445,1.024805,1.003472,0.60583484,1.1337949,1.2442889,0.95412487,0.7755568,1.0232602,1.4497356
481,0.89284116,1.0950472,1.6346085,1.2782731,0.90850425,2.207759,0.7178276,1.4482636,0.8527914,2.8290672,1.1047027,0.99307,1.0508274,1.8408067,1.1897248,3.0330436,1.0237045,1.0804942,0.985053,0.10008207
482,1.7245874,1.3062739,1.4737608,1.8478563,0.89635456,1.5722162,1.4736292,1.1660825,1.621188,0.8526894,1.0919719,1.001291,0.95629156,0.745509,1.0958645,2.1870694,0.9651594,0.79303575,1.0279977,1.4207015
483,1.4189134,1.5310245,1.5175872,0.8493154,1.8874239,1.2732006,0.8629884,1.4282862,1.511994,1.479344,1.0279375,1.007338,1.0053713,2.3489332,1.1369705,2.1362407,0.9843301,1.0525123,1.0308467,0.93988496
484,0.9487999,0.5320621,1.8052502,1.4546108,0.98758936,1.4499494,0.8752102,1.688636,1.7767081,1.6118795,1.0349369,0.9963901,1.0335959,1.6065753,1.0464642,2.4022653,1.0285287,1.0890442,0.9775698,0.36701366
485,1.8324547,1.2848754,1.5656316,1.4431672,0.9289886,1.2417396,1.4439285,1.1235819,1.2217522,2.698601,1.1003139,0.9903025,0.97380704,2.19553,1.19487,1.3109653,0.9780261,0.8695924,1.0153023,1.2783544
486,1.3974559,0.47115058,1.1846681,1.3642192,0.9278482,0.3176636,0.8663778,1.3520669,1.5267198,1.4964722,1.0190539,1.0166888,1.0209115,1.5795773,1.1238121,2.0656092,0.9883218,0.9951848,1.0066185,0.6948479
487,0.93066233,1.1627805,1.1617665,0.9593609,1.2124729,0.98004717,1.4299705,1.4098809,1.3038884,1.3334045,0.9912764,0.99657875,0.99201965,2.336636,1.189776,0.444397,0.9981927,1.0504637,0.98527235,1.2003441
488,0.9599491,1.0512257,1.7558451,1.2446234,1.7768259,1.4417151,0.9777363,1.715712,2.3435216,2.2628176,1.0793344,0.9837197,0.99238,1.8855835,1.079743,0.3685176,1.0053709,1.0777295,0.9912069,1.0904615
489,0.83562404,0.8399909,1.4383509,1.4694293,0.7760881,1.0026172,1.8249743,1.612086,1.8706717,1.767672,1.0396196,0.99763465,1.0142637,0.9345447,1.1368269,1.5120835,1.0287585,1.098301,0.9704139,0.32801023
490,1.2521932,0.90410787,1.854851,0.9994322,1.3333474,1.7138821,0.64763534,1.0151216,0.72602415,1.0926417,1.047715,0.99292415,1.0403814,0.15759873,1.1475018,1.5059857,1.0193911,1.0666927,1.0095621,0.49537784
491,0.5910216,0.49551088,1.5043523,1.3697569,1.3042755,1.1125306,1.1588243,0.93539286,1.5063761,1.618205,1.0078337,0.9936799,1.0268891,2.6152182,1.1681066,2.3886776,1.0287491,1.1041278,0.97473645,0.34532773
492,1.6982126,1.4436069,1.2457798,1.5502818,1.7229377,1.7314261,0.55859345,0.80549985,1.0631478,1.958995,1.0560901,0.9885123,0.96740127,2.6817422,1.1765518,1.8583872,0.96634364,0.84426963,1.0380734,1.2586355
493,0.8224047,1.8062172,1.1077466,1.0222378,1.2012177,1.7539676,1.5814414,1.3486488,0.90592575,2.7243423,1.1138635,1.0016059,1.0526881,1.0699176,1.2829123,2.61741,1.0173999,1.096767,0.9801001,0.051110923
494,1.0591881,1.4413412,1.3358297,0.12689948,1.5272614,1.1216456,0.91099674,2.0405555,0.7618353,1.3124596,0.9216809,0.9990118,0.9959379,2.7964034,1.1833533,1.0363252,1.0014558,1.1955651,1.004902,0.8842419
495,1.4840505,1.2769318,1.742589,0.8220248,1.6520665,1.1494063,0.98478407,1.7063634,1.2409439,1.1282321,1.0309548,1.0076212,1.0157782,1.7329917,1.0959649,0.43414274,0.98849994,0.9864583,0.99522644,1.267772
496,0.92993265,1.2886791,1.2260678,0.81719756,1.2865666,0.8054759,1.7995412,0.86758953,0.90307117,2.0416603,0.99037015,0.9986377,1.00697,2.9338026,1.2982138,1.984863,1.0114651,1.1079159,0.99491656,0.48108912
497,1.5539985,1.3107085,1.3484325,1.8434906,0.74303174,1.5487047,1.7468495,0.61318403,1.2142484,1.4299666,1.1285808,0.9919032,0.9813073,0.45141733,1.2025521,0.5203469,0.9800767,0.7975267,1.0070596,1.5248413
498,0.8712571,0.97757465,1.6343267,1.2351091,0.8115767,1.4746257,1.6454985,0.83694595,1.144505,1.643415,1.0044566,0.98271817,0.9776765,2.440319,1.2135161,1.134171,1.0138975,1.044869,0.99558157,0.93442
499,1.3799555,1.6724918,0.74781686,1.7118783,0.90918577,1.5818781,1.3432355,1.5223342,1.6258395,2.1481366,0.9935266,0.9925454,1.0021363,3.0110574,1.142061,2.8566442,1.0114168,1.0132831,1.0009171,0.56653416
500,1.3629568,1.3009102,1.2291296,1.247031,1.679438,0.9827246,1.2759292,1.6020206,1.7650697,1.019616,1.0499125,1.0010285,0.96975446,0.88265574,1.1134329,0.7751521,0.97224706,0.92842615,1.0058856,1.3165727
501,0.79257184,1.2968106,1.1769626,1.2174041,1.7889463,1.0490669,1.4880747,1.0065562,2.0030327,0.917915,1.0454324,0.998484,0.97804075,1.2686323,1.1756282,0.56208074,0.984708,1.0213419,1.0078526,1.2708454
502,0.76136714,1.0219128,1.4251907,0.89133507,0.9132546,1.4392463,1.2080967,1.6425893,1.2590023,1.0668743,0.9559217,0.9932954,1.0072826,2.1852784,1.1383686,1.6121775,1.023319,1.1624011,0.98802525,0.7080888
503,1.3233876,1.7952323,1.8980453,0.6081283,1.840657,1.7545933,1.1903257,0.6903276,0.92892605,2.0193686,1.095357,0.9929282,1.0249116,1.6386107,1.2535561,0.4109495,0.9991862,1.0719609,1.028267,1.1340964
504,1.1645315,1.6381927,0.8969485,1.2606764,1.5155791,1.3909577,1.387666,1.5278236,1.5593903,0.67225134,1.0211364,1.003264,1.0297875,0.52830994,1.1298221,2.3005807,1.012261,1.0581231,0.9948824,0.5710465
505,1.0317729,1.4387271,1.7881329,0.6220177,1.946081,1.2520012,0.83232325,0.84348404,1.2543402,2.261184,1.1248971,1.0184777,1.087162,0.6814827,1.2319468,1.5850154,1.0080943,1.1657002,1.0221332,0.22115885
506,1.5377152,1.6630554,1.6317282,0.8595163,1.86885,0.70419043,2.2105176,1.2827893,1.5202584,0.9026793,1.0456263,1.0135376,0.9778428,2.0160723,1.1844053,2.9510689,0.97783136,0.95857364,1.0119386,1.015198
507,1.1810682,0.8359534,1.7276821,0.9362908,1.371725,1.1295027,0.993419,0.86324525,0.7516043,1.942722,1.0442264,0.9995828,1.0251666,1.9664348,1.2247629,2.1924405,1.0061392,1.049825,1.0057304,0.46804857
508,1.4855316,1.2540159,1.0606787,1.4651783,1.720086,1.0473613,0.8762487,1.2598343,1.7143304,2.3864138,1.0779773,0.9933953,0.9966836,1.7855326,1.1629823,1.2684094,0.98379445,0.9533374,1.0116131,0.9577678
509,1.1616046,1.3271723,1.0399034,1.1015937,1.3701814,0.87953895,1.5840126,1.322509,1.4391271,0.5607747,1.0065755,1.0116696,0.9984591,1.6975392,1.1688626,2.5389597,0.98778504,1.0058057,1.0039163,0.9692746
510,1.5695109,1.1009996,1.7893951,0.87399596,1.7672701,1.05453,0.5045981,1.3717202,1.4542283,2.3553576,1.0923588,1.0061593,1.0335457,2.154162,1.1369336,0.6264622,0.98407006,1.0190742,1.017144,1.1791508
511,1.269253,1.3589804,0.9390906,1.247967,1.6154162,1.3823518,0.64259905,1.2095537,0.9963536,2.1437874,1.087913,1.0056746,1.04554,1.1109127,1.2106209,2.6819522,0.9948525,1.0064013,1.0065726,0.33513826
512,1.4293759,1.1840637,1.1759007,1.3334279,0.728307,1.1039413,1.3249077,1.2593042,1.1810794,0.296914,1.0255303,1.0153204,0.99656427,0.7926253,1.1304395,1.2343806,0.97466767,0.9044631,1.0133542,1.3806272
513,1.5860474,1.2129369,0.9862885,1.4931903,0.8136739,0.5963275,1.569535,1.5092758,1.648612,1.8566784,1.031831,1.0147145,1.0129931,1.8103546,1.1476249,2.6107028,0.992548,0.9755667,1.0042312,0.61466056
514,0.88904554,1.1913052,2.0039396,0.8413051,1.6816791,1.3317984,1.6068592,1.9141709,1.6726921,2.009871,1.0790938,0.99792594,1.0229541,1.1141633,1.1274202,2.1731603,1.0226533,1.1291322,0.9706852,0.24696279
515,1.4483058,0.8508063,2.108244,0.7200593,1.732766,1.0437015,0.74914354,0.7257122,0.8349104,1.0639333,1.04802,1.0121113,1.0055349,2.2687802,1.1810379,1.9473066,0.9736884,0.9753722,1.0360593,1.1611967
516,1.532974,1.138237,1.2712758,1.6260817,1.4278961,1.5296735,0.6407552,1.2128005,1.4204879,2.7742357,1.048064,0.981882,0.9895452,2.781839,1.1478428,1.8736184,0.9966294,0.9523298,1.0119071,0.7655315
517,1.2561996,1.6107073,0.9453402,1.6893828,1.7188954,1.5147482,1.2350558,1.0725855,1.545123,0.507324,1.0006398,1.0021205,0.9821482,2.8007984,1.1111741,1.0480821,0.9767563,0.8388059,0.99390966,1.540189
518,1.8679256,0.9829212,1.2305615,1.7574329,0.81205744,0.93054336,1.0975814,0.742517,1.1492014,2.838833,1.1134448,1.0006504,1.0157647,1.612794,1.2108865,1.9409873,0.98416877,0.8631309,1.0178292,0.790965
519,1.1469498,0.7927553,1.7202389,1.4748602,0.7972834,1.5287813,1.2590272,0.65327066,0.89854944,1.7871522,1.0611838,0.9979182,1.0337527,1.9881501,1.2009195,2.931351,1.0188979,1.0041815,0.99809754,0.4151592
520,1.4434533,1.4817686,0.59697396,1.246294,1.9028088,0.74887174,0.4273116,0.83474296,1.6980767,2.6121047,1.0868646,1.012023,1.0435131,2.3470073,1.2315407,1.1560922,0.9731748,1.01871,1.0364217,1.0290456
521,1.6699729,0.96029884,1.5972574,1.5721253,0.71910405,1.6001171,1.2382802,1.4707631,1.0520308,2.577477,1.1282614,0.9796367,0.9656259,1.1873914,1.1984253,0.4268041,0.9881607,0.88953173,1.0050926,1.3546407
522,1.3759005,1.6243114,1.1761625,0.7725328,1.6361269,1.4038116,1.0885568,0.76651275,0.53806233,1.7601403,1.0608301,0.9906651,1.0083808,0.95709765,1.2909559,0.68505037,0.9907457,1.0192587,1.0233809,0.99260324
523,1.5237217,1.4689903,1.3834827,1.2068384,1.4584545,1.1366824,1.3969204,1.7504437,1.6479689,2.3684359,1.0719584,0.9944377,1.0035651,1.0629271,1.139905,1.378337,1.0015082,1.0171658,0.99751973,0.63245654
524,1.5397019,0.99860674,1.5284567,1.4814599,1.6977073,1.066727,0.92259055,1.3036702,1.6205428,2.1581607,1.0734321,0.9991123,1.0061836,1.7309715,1.1200513,2.4510634,0.9930539,0.9514493,1.0071867,0.54834366
525,1.2094176,1.0517523,1.6395881,1.1911428,0.9832518,0.95267123,1.5447052,1.34304,1.2439709,2.8616421,1.150317,1.0124248,1.0420431,0.4589094,1.219547,2.183141,0.99987394,1.0074937,0.9873433,0.19320305
526,0.8539035,1.7650876,1.5482001,0.4987672,1.6141629,1.1283058,2.1866307,1.2507347,0.85068345,2.5431771,1.0831735,1.0037166,1.0241102,1.8506056,1.3251569,2.4137716,1.0112104,1.1241806,0.9814518,0.20664081
527,1.3152537,1.2991319,1.0815,1.2174973,1.5903012,0.79608434,1.3440243,1.6613277,1.7766249,0.90866745,1.0336734,1.0066037,0.98020625,1.0904676,1.1150107,0.66826355,0.97392374,0.9412979,0.9986779,1.3266962
528,0.9930305,1.7331648,1.3693984,0.9800468,1.8705612,1.5459896,1.2223196,1.3627986,1.4359766,2.8932357,1.0859239,0.99878484,1.0332559,2.2945533,1.2246763,2.3760462,1.0094169,1.1084629,0.9980419,0.23817675
529,0.47649175,0.9234677,1.2666855,0.9929674,1.764803,1.4740222,0.88789856,0.55801016,1.0753198,0.28794137,0.9905226,0.99918026,1.0298932,2.2142,1.2115104,2.3366494,1.0132962,1.1132684,1.000323,0.77816933
530,1.9584641,1.7152042,1.3198652,1.2064022,1.6461052,0.9283282,1.4212592,1.4197723,1.2669907,0.7708324,1.0387769,1.0207633,0.9913645,2.0370908,1.1168854,1.8568249,0.95867884,0.8234449,1.0168356,1.4295096
531,1.6253622,1.5152125,0.87823266,2.128876,0.66354334,1.6183461,1.9010332,1.1049606,1.1733171,1.5757889,1.0951644,0.99140614,0.9619905,1.8240001,1.2193152,0.5100293,0.98042154,0.7673172,0.99409616,1.6503861
532,1.4044383,0.73992306,1.492599,1.3834212,1.5696207,1.1825398,0.6070464,1.084505,1.3240414,2.7857203,1.08212,0.98174894,0.9791456,2.6481829,1.1835552,1.0994246,0.98296046,0.93292904,1.007381,1.1430175
533,0.8618997,0.9585205,1.5346518,0.2628992,1.7884619,0.80010647,0.63556117,1.8090521,1.0321599,1.4542059,1.0505913,1.0260152,1.075693,1.3611068,1.1803507,2.7751136,1.0028944,1.1998407,0.99434406,0.27628416
534,1.5594771,0.7387889,1.4903109,1.5720577,1.1485796,1.0688432,0.65799755,1.3565658,1.4704427,1.5230461,1.0335709,1.0053141,0.99101424,2.6932487,1.0767457,1.3284926,0.97376513,0.86609054,1.0051825,1.3512225
535,1.3554702,1.3855059,0.6620727,1.8819292,0.88398457,1.6135663,1.038584,0.9173103,1.3799545,1.1322087,1.019073,0.9975416,0.966908,2.5945454,1.1645154,2.609617,0.97070605,0.8577801,1.0258138,1.3269951
536,0.6850025,1.6548018,1.2222707,0.8579891,1.8353678,0.93060297,2.0387537,0.97804075,1.6173937,1.6895558,1.0343846,1.0040663,1.034217,1.7093407,1.2575498,1.7287409,1.022485,1.165309,0.98637915,0.31245965
537,1.9134212,1.023695,2.023142,0.9051916,1.711751,0.89589685,0.71552247,0.8773804,0.9311497,1.8288416,1.1158564,1.0138714,1.0299963,1.2907771,1.1691374,0.9839549,0.97061366,0.9080951,1.0303906,1.2040436
538,1.7727122,1.9180956,1.6699553,1.1397536,1.1281465,1.7591187,1.7899132,1.0849762,0.82813907,1.8715588,1.0693502,0.99028414,0.9830369,1.9072404,1.2066196,0.9808905,0.9893602,0.89961684,1.0117145,1.3071475
539,1.5473812,2.1255307,0.92590475,0.9778715,1.7810323,1.1871341,1.5435432,1.8526623,1.5412788,2.9020798,1.0543215,0.99278235,0.9933566,2.196536,1.2101506,1.5816829,0.9934641,1.0428053,1.0036631,0.68952876
540,0.88326913,1.0034232,1.5000546,1.3628459,1.4898504,1.2661434,1.3891695,0.9542833,1.3834121,2.390521,1.0692267,0.9948344,1.0202398,2.426435,1.2138911,2.6806595,1.0144768,1.0380275,0.98323387,0.29541266
541,1.4406624,0.826469,2.0620565,1.2916393,0.86710954,0.75842637,2.0037282,1.3457669,1.7036462,0.8605274,1.0877721,1.0087523,0.9804956,0.43133366,1.099137,0.50450385,0.98234093,0.8922634,0.9919526,1.420203
542,0.6922793,1.0032527,0.94442695,0.9944089,0.6957097,1.1959761,1.0291991,1.1197643,0.7175715,2.216076,1.0317044,1.0051458,1.0568602,1.5760454,1.2722378,1.8890824,1.0191258,1.14303,0.98667234,0.20564993
543,0.82041615,1.4739385,1.7322745,1.3422222,1.6816283,1.9078478,1.7741369,0.76896995,1.2943256,2.6793294,1.073915,0.97290283,0.9991859,2.2274618,1.2441576,1.8025758,1.0309716,1.0582736,0.9810965,0.28979826
544,1.2205784,1.5436196,0.44737333,1.4952009,0.6646307,2.0537462,0.5292917,1.9255689,0.8791334,2.0090184,1.0197465,0.9914559,1.0237017,0.9737172,1.1837821,1.9530318,1.0144299,1.083257,1.0081357,0.3760231
545,1.4675236,1.5742297,1.9235077,0.95279,1.3555099,1.291356,1.8464123,1.3150755,1.0240401,0.46423367,0.99985147,1.0120902,1.0101893,2.5085158,1.1147476,0.58160305,0.9952811,0.9219138,0.98172903,1.4198546
546,0.7509932,0.5719293,1.8204229,1.0696005,1.0362793,0.7878589,1.6516268,1.5151796,1.6385758,1.204996,1.0622706,1.0155871,1.0523049,1.012977,1.1278821,2.7857544,1.0240105,1.113758,0.9656359,0.26759005
547,1.3330147,0.49788553,1.4673152,1.3377616,1.2060791,0.517404,0.97331244,1.1238844,1.4693007,1.79048,1.0218899,1.0065216,1.0040516,2.28659,1.1464167,2.1097143,0.991568,0.9889276,1.0060575,0.7012868
548,1.5833294,1.2836578,1.7926741,1.1266022,1.007881,1.7786428,0.8207527,1.1928487,0.5792179,2.8086534,1.1312433,1.001131,1.0399638,0.91861236,1.2088258,2.4964182,0.9984304,0.98012936,1.0149508,0.3372883
549,1.1148124,1.5686994,1.1790469,1.0842502,0.63913625,1.9235946,1.6036448,1.4203686,0.54690576,2.8321638,1.0994127,0.97725683,1.0132726,0.660406,1.3129454,0.5218766,1.0251707,1.0920887,0.98826987,0.60852915
550,0.8328894,1.5875204,1.0559883,1.2581203,1.8224251,1.901615,0.7993435,0.9916106,1.5735562,0.969548,1.0276369,0.98929757,1.0133132,0.8610599,1.1582115,0.8339827,1.0074532,1.0838312,1.015905,0.84905326
551,1.4349525,1.5892162,1.1451828,1.2343268,1.0907289,1.5606714,1.2722622,0.953987,0.7786498,1.6003728,1.0560069,1.0027332,1.0377816,1.0764396,1.2210485,2.5877373,1.0066203,1.0061172,1.0121921,0.48116913
552,1.0144832,1.1681843,1.4802866,1.2081234,0.9141748,2.0059214,0.7618056,2.0396538,1.557921,1.6020092,0.9874625,0.9791529,0.97865266,1.8099667,1.0640459,0.86131036,1.0129558,1.0935261,0.9975068,0.9594305
553,1.4471803,1.0603118,1.160891,1.6606667,1.6312983,1.2318414,0.81977695,0.7238531,1.3220985,0.93513477,1.0554516,1.0008163,0.9730166,1.641503,1.1516242,1.4695139,0.96225435,0.81848365,1.0234059,1.3801348
554,0.6004519,1.4738779,1.0425127,1.1704885,1.0106721,1.4507605,1.9929404,1.0905144,1.278406,0.70938337,1.025671,1.0036173,1.0579497,0.55154264,1.2121632,2.4005265,1.039749,1.1445738,0.970001,0.24798642
555,1.1414576,0.78951555,1.0267274,1.3536346,1.6954012,0.5905954,0.7878099,1.2633555,1.8245459,1.2686013,1.0243918,1.0082523,1.0048231,1.5468148,1.1292588,1.6569736,0.98419166,1.003588,1.0083203,0.828345
556,1.0438814,1.1391442,1.2548532,1.0257975,1.2181005,1.4288777,0.87420833,1.3612937,1.031616,1.4161744,1.0219679,0.99776477,1.0406612,0.72506166,1.1678091,1.5785509,1.0192686,1.1122584,0.9972768,0.40350276
557,0.98926,1.0391657,1.3620856,0.8367319,1.6303095,0.7361273,1.148995,0.73170835,0.9354719,0.4045482,0.98375446,1.0182872,1.0323048,2.504156,1.1990869,0.56575143,0.9898421,1.0073571,0.9956128,1.2429845
558,1.5562971,1.18348,1.7732201,1.3396914,0.9733138,1.0206231,1.7530043,1.118765,1.258066,0.48482576,1.0428507,1.0162427,1.004937,1.5155609,1.1071789,0.719753,0.9823472,0.8539934,0.99225056,1.4753599
559,0.80244666,0.7789728,1.7317543,0.9400837,0.93611836,1.1351415,1.5180182,0.83032674,0.80818176,2.6546183,1.1130972,0.99309736,1.0442182,0.8773109,1.2890836,0.89913464,1.0226742,1.0941565,0.9756493,0.41951075
560,0.96864206,0.6317919,0.9809477,1.6609437,1.283738,1.1975888,0.4431665,1.4948123,1.8508329,1.8808631,1.024755,0.98892605,1.0209734,1.289202,1.090632,1.0698553,1.0139856,1.0546991,0.9872673,0.5809929
561,0.8209165,1.4110556,0.7278715,1.4832358,1.0179191,1.8698002,0.8688954,1.450875,1.4001365,1.9584688,0.9926879,0.98180753,1.0276479,1.5249816,1.1595533,1.2689497,1.0328412,1.1296709,0.98693955,0.35737604
562,1.3749552,0.78064567,1.4157484,1.6652424,1.3654495,1.0281743,0.7885421,1.4795514,1.7843597,0.31459787,1.021922,1.0154446,0.99889576,1.8855323,1.0123192,0.902961,0.97181726,0.8394896,0.9915542,1.5281951
563,0.925994,1.1928403,1.1132886,0.84265447,1.0466174,0.70578474,1.7322592,1.9127196,1.6672903,0.5739993,0.94989717,1.0134671,0.98211116,2.9171257,1.134489,2.5891294,0.9913049,1.0879238,0.99181175,1.0887637
564,1.3200014,0.9378274,0.6427894,1.6273324,1.2863873,0.44541258,1.0372194,1.5685253,2.0294402,1.5311238,0.9980012,1.0119483,0.984449,2.8064442,1.114366,2.585928,0.9740182,0.9479778,1.0056685,0.95720106
565,2.0754344,1.700284,1.2724011,1.6295915,1.1285585,1.5666717,1.0677545,1.5050414,1.4005992,2.7522666,1.0663979,0.99176955,0.98986036,2.0282042,1.1268537,2.2749565,0.98837644,0.90272295,1.026229,0.74744815
566,0.70614094,1.4546793,0.8130967,1.1281719,1.3944317,1.3891193,1.2838168,1.440812,1.3201121,1.8996676,1.0060786,0.99948287,1.0343093,2.700554,1.2149019,2.9218192,1.0200747,1.1314658,0.97946703,0.29086894
567,1.9742234,1.1474111,0.71993357,1.689476,1.0679575,0.6743011,0.8592426,0.6484265,1.0233979,1.4156,1.0629435,1.0190403,0.98692894,1.9499888,1.2079103,2.8893282,0.94387305,0.7761545,1.0485808,1.2515891
568,1.519187,1.0640955,1.6962752,1.7301576,1.7974957,1.2711991,1.0499016,0.6893042,1.7977068,2.2445378,1.089001,0.9928114,0.99600613,2.095004,1.1387556,2.0816936,0.9929158,0.91597825,1.019763,0.71670496
569,0.6130951,1.1527967,2.0074735,0.7483399,1.9244064,1.9070331,0.67920244,0.778233,1.2122786,1.3231266,1.0778484,1.003288,1.0910913,0.965587,1.1756603,2.0258179,1.0374488,1.2196944,1.0022653,0.18021815
570,0.672182,1.0623095,0.881929,1.3193613,1.4531381,1.3090032,1.0256486,1.6029184,1.8544688,0.68580186,0.96717644,0.9927261,0.96064144,2.5295029,1.1155586,1.6181295,0.9882216,1.0341223,0.99586624,1.2316372
571,0.85523635,1.38409,0.48778903,0.840735,0.97776234,0.81799644,1.134187,1.6387233,1.0026311,2.7884645,1.0367503,1.0068192,1.0430034,1.8498967,1.2866335,1.4539886,1.0038064,1.1432295,0.9846181,0.38363296
572,1.0989466,0.96129614,1.7657099,1.2899692,1.1268591,1.2427081,1.7372773,0.9574913,1.4406276,1.6026332,1.0669371,0.98592013,0.9668264,1.446663,1.1885983,0.739866,0.9956706,0.96365196,0.9970748,1.1987978
573,1.7164011,1.0801399,1.6450973,1.5255406,1.0944188,1.0181018,1.2974879,1.2320024,1.4014192,0.7684785,1.0376706,1.0165569,0.99371433,2.160142,1.0754902,1.3979079,0.9702425,0.81632715,1.0046623,1.4662375
574,1.5161955,1.6724315,0.8224314,1.0912473,1.8471324,1.0271443,0.9079246,1.8764801,1.5263001,1.6336044,1.0588219,1.014204,1.0337062,0.9370686,1.1364272,2.7312477,0.9873284,1.022588,1.0080893,0.49399516
575,1.2714789,1.9495437,0.9783496,0.73454624,1.5215563,1.1638278,1.7483832,1.8021758,1.3544836,0.46622017,1.0051613,1.0060273,0.98625493,0.45646274,1.168134,1.3888491,0.98715264,1.0513383,1.0096892,1.0515058
576,1.4898918,0.67415315,1.4370761,1.6831203,1.7378358,1.21342,0.33155334,1.0927634,1.6868333,1.3211958,1.0614365,0.9999867,0.96014345,2.4434009,1.0855759,2.437442,0.9551971,0.8330152,1.0315574,1.3574
577,0.71935636,0.9080594,1.3583143,1.0419006,1.2572331,0.9721305,1.4576478,0.815169,1.0231411,1.9584297,1.0489719,1.000399,1.0358922,1.4768058,1.2644471,1.7830088,1.0185224,1.1010374,0.98355305,0.27307305
578,1.1645243,0.8953088,0.7447881,1.326303,0.6664882,0.8246557,1.1673914,1.6438679,1.2901989,0.68086255,0.98551285,1.0139511,0.99587286,1.7337996,1.1613083,2.418057,0.9873831,1.0181452,1.0077187,0.9577585
579,1.191324,1.3948679,1.6753752,1.5490729,1.0577724,2.2027159,1.1923617,1.5393884,1.436748,1.7194234,1.1114876,0.9961684,1.0514758,0.36269224,1.0939474,2.990867,1.0274141,1.0267999,0.9849371,0.24236329
580,1.2918172,1.3259122,0.4730466,1.1426964,0.6148176,0.6365823,1.4829508,0.98754436,0.89876145,2.1570356,1.0307475,1.0024012,1.0166339,1.6893448,1.3018032,0.7759371,0.9914084,1.0190611,1.0037124,1.0178883
581,1.5559025,1.7559586,0.85167724,0.9113222,1.7405484,0.64440435,1.7026522,0.97502595,1.0134826,0.7740916,1.0346404,1.0159215,0.99615514,1.1004983,1.2524568,2.2962782,0.969639,0.94721717,1.0253153,0.9954702
582,0.6177183,0.7879062,1.3994901,1.382967,1.3404627,1.6928754,0.7113555,1.4413036,1.5141398,1.8648943,1.0523906,0.99127686,1.0469946,1.2653145,1.1257787,2.1153078,1.0318384,1.1224673,0.97297007,0.17750233
583,1.9643412,1.6693945,0.82542306,1.2931924,1.0759897,1.0578736,0.9307927,1.4409057,0.9723171,0.5101608,1.0372235,1.0246302,1.0200111,0.47684526,1.120937,1.1890154,0.96122146,0.84967977,1.0263002,1.3518624
584,1.6447129,1.3478601,1.720545,1.0154474,1.4541744,1.311263,1.1253438,1.4010397,1.0785903,2.3990371,1.0589331,0.99356884,1.0005072,1.7061745,1.171886,1.7893286,0.99753594,1.0059096,1.014545,0.62514347
585,1.6123328,1.6073365,1.4496863,0.7575832,1.960091,0.9807853,0.7840486,0.7530362,1.201173,1.424445,1.0632136,1.0219175,1.0355598,1.780831,1.2080638,2.052434,0.9729085,1.0286622,1.0549188,0.9313769
586,0.7647503,0.8607679,1.8854353,0.5695467,0.8621086,0.9937791,1.6456453,1.6725572,1.0775881,1.4637071,1.0288186,1.0122733,1.0482001,1.5311824,1.1799421,2.4784565,1.0264783,1.185281,0.973351,0.29338142
587,1.2049263,1.4298635,0.61484176,1.090508,0.98346674,0.65871423,1.5102189,0.8936061,0.8025237,0.77929175,0.9745667,1.0180402,1.0277988,2.4509044,1.2442496,0.6838387,0.98669,0.9661007,0.9923782,1.2729771
588,1.4796033,1.6839223,1.330945,1.0180796,1.0330607,1.0273007,1.8923252,2.0065873,1.6589028,2.3176634,1.0182015,0.99638957,0.99212533,1.873797,1.1484119,1.4470309,1.0082654,1.0752099,0.99369967,0.66925526
589,1.3560376,1.4758589,0.5547118,1.3837931,1.0000542,0.90459436,1.5336459,0.6308708,0.9473474,2.6929145,1.0488948,0.99090123,0.9990999,2.6427732,1.3266919,1.1964983,0.9903225,0.9618587,1.0064068,1.0122157
590,1.4410145,1.1174331,1.7349544,1.1553066,1.3956486,1.1129464,1.5479672,0.55880785,0.8595798,0.6191586,1.0386063,1.0090584,0.9758297,2.6263695,1.2051632,2.449972,0.9687053,0.859342,1.0201182,1.4065602
591,0.6505551,0.8102222,1.0610111,1.626931,0.73742294,1.2153717,1.6848824,1.3979291,1.7741863,0.7286413,0.9892819,0.99678665,1.001211,1.6526792,1.1388465,2.1088195,1.0246634,1.079721,0.9761757,0.6482637
592,1.1585205,1.6470299,1.6104057,1.0557959,0.86120677,1.634857,2.0224764,1.7818552,1.2616796,0.9691963,0.9709759,0.99446046,0.97030836,2.8334928,1.1340864,0.6420685,1.006581,1.013643,0.9818634,1.3359737
593,1.5912569,1.2993872,2.1347082,1.4048154,1.6451498,1.4744998,1.6091775,1.4117877,1.6970586,2.000399,1.1221722,0.99655,1.0077585,0.79742515,1.0987934,2.6116922,1.0058801,0.94991124,0.9972663,0.4683649
594,1.2713323,0.8854521,1.4052837,1.0539519,0.72589177,0.9431812,1.2486389,1.4295228,0.9648402,1.1950833,1.0537676,1.0183282,1.0496584,0.59385574,1.1732936,2.6145718,1.0066657,1.0572025,0.9988433,0.4411433
595,1.4697535,0.9772926,1.4514835,1.562743,1.5854686,0.99933046,1.0067086,1.6136974,1.9512764,2.2487795,1.048212,0.99888414,0.99806285,2.4440107,1.0836519,2.687414,0.9962148,0.9725678,0.9990883,0.56391346
596,1.3595297,1.2887161,1.7256563,1.1747494,1.6554098,1.8935689,0.86682194,1.0718949,0.9842026,1.572227,1.024719,0.9870322,0.99198955,2.8472,1.1554965,2.879679,1.0008445,0.99065894,1.0158466,0.8071005
597,1.4958873,1.3716571,0.9524973,1.1234596,1.6786256,0.98916906,0.86117834,0.76353824,1.0469096,2.6945543,1.1135566,0.99431807,1.0316314,1.2536403,1.2791218,0.59090674,0.98783386,0.98877096,1.0153707,0.97716737
598,0.7155445,0.86653954,1.067811,1.378098,1.2301322,1.2850875,0.806233,1.4511715,1.5065709,2.535479,1.0284771,0.9951985,1.029406,2.6793232,1.1740428,2.3724995,1.0174212,1.103253,0.97897434,0.25258648
599,0.7426618,1.0061667,0.99481314,1.4859849,1.289458,1.9293803,0.4901957,1.4745996,1.4825165,0.86682,0.98149514,0.9916307,1.0472279,1.9268181,1.0830083,2.8206651,1.0337745,1.1234641,0.98358107,0.40369138
600,1.108485,1.918541,1.4022582,0.5789866,1.8305582,1.716129,1.4284371,1.5431925,1.1129241,0.51995885,1.0010307,0.9976433,0.9909617,1.4904252,1.174236,1.9070022,0.9965948,1.089165,1.0140185,1.0317583
601,1.5001805,1.106076,1.3099346,1.7843559,0.8490846,1.2155465,1.5333192,0.8573279,1.4775107,1.0193022,1.0692995,1.008068,1.0167973,0.9689597,1.1363161,2.8169026,0.9966352,0.9013896,1.0082926,0.78122413
602,0.93590397,1.4446039,0.89446,1.1362824,1.3443891,0.8391995,1.8200487,0.9170168,1.2147667,1.9896275,1.0361643,1.0013282,1.0206343,1.4821554,1.280597,1.6804366,1.0100267,1.0702367,0.9901475,0.3716992
603,1.2185497,1.0753491,0.7034675,1.3325573,1.1651424,0.57269424,1.1741302,1.7652992,1.8711017,0.7353287,0.99871784,1.0162985,0.9926492,1.482678,1.1061785,2.06975,0.9761996,0.9884577,1.0045915,1.0649637
604,1.2694678,1.8167105,0.71919256,1.4824347,1.2724417,1.8789085,1.0004781,0.910635,0.83867073,2.5197425,1.0711993,0.99267566,1.0324106,1.6823988,1.2594995,2.5250072,1.005477,0.996929,1.0093355,0.3406474
605,1.0035622,0.72803336,1.1318214,1.7694376,0.5843031,1.3312582,1.6785254,1.4402303,1.0924718,1.6609355,1.06393,0.9973813,0.9890047,1.4078692,1.2426803,2.852661,1.0151992,1.0142778,0.9904927,0.36904094
606,1.4274349,1.2432783,1.6306429,0.67197174,1.5134212,0.53302354,1.8911645,0.8777936,0.8377726,0.4405214,1.0139945,1.021061,0.98203343,2.6526046,1.233944,2.6851223,0.9663207,0.93324065,1.0171384,1.3176606
607,1.6626282,1.194524,1.4730356,0.96556515,0.8737221,0.7673072,1.2759594,1.258077,0.73849154,2.9114592,1.0909357,1.0170767,1.0245075,2.1302676,1.2517463,2.816576,0.98036367,0.9744134,1.0162044,0.48069853
608,1.7195141,1.6252565,1.6437535,1.2213058,1.7147337,0.98820776,1.8938029,0.3896591,0.9868841,2.3923507,1.1193328,1.0007159,1.0177482,2.89007,1.2749876,0.6121712,0.98425,0.85023963,0.9953432,1.4168222
609,1.157419,1.4428861,1.6652932,0.79889756,1.1512307,1.0272616,1.9997202,1.6191231,1.3508799,0.98288715,0.96801925,1.0032744,0.9731878,2.8531437,1.1499907,1.0839105,0.9963236,1.0332584,0.9898461,1.2197614
610,1.0164721,1.0634983,1.7917967,1.226532,1.2998946,1.4096376,1.6420256,1.3452214,1.6546413,0.8316742,1.0233417,0.992826,0.9641756,1.8580703,1.1165934,1.8299203,0.9963999,0.9934592,0.99789244,1.1247206
611,1.4123392,1.2311978,1.561209,1.8657246,0.8314263,1.8774751,1.6722175,1.0307304,1.3989322,2.9973235,1.1057173,0.9677579,0.97118825,2.071074,1.2083925,1.1158226,1.0143129,0.93105286,0.99331784,0.924053
612,0.83335143,1.4678025,0.8864911,1.3146918,0.84219205,1.8110033,1.3420212,1.2677011,1.2747984,0.42004767,0.9919288,0.9915117,0.98655045,0.8710929,1.1627694,1.1099577,1.0023806,1.0362606,1.0037409,1.1242425
613,1.4811397,1.3958337,1.3168647,0.61545265,1.3571509,1.1724335,0.89281195,1.7385254,0.8588352,0.8497181,0.99908847,1.0110977,1.0124563,1.4212358,1.1506252,2.2864985,0.98654425,1.0579658,1.0207461,0.9071608
614,1.4369853,1.6597912,0.86088866,1.4787685,1.7579141,1.0041322,1.6344155,1.0981312,1.6462421,1.0250293,1.0542488,1.0055869,1.0028988,0.8727938,1.1727872,2.394093,0.98852366,0.9384554,1.0081725,0.76371235
615,1.8100243,1.4601827,1.3415861,0.64958405,1.1538306,0.5211033,1.4972138,1.5097891,0.7782881,1.2655321,1.0733262,1.0324719,1.0454909,0.5015451,1.2073402,3.0067136,0.9788867,0.99893856,1.019289,0.6016621
616,1.8755591,1.9395981,0.6459434,1.6441433,0.77508986,1.399202,1.5023737,1.3808829,1.0686688,1.6319083,1.0088649,1.0043441,0.9666696,2.832901,1.1920251,1.8360023,0.9687726,0.84420604,1.0247362,1.3448925
617,1.2029562,1.431169,0.98033375,1.0518061,1.858113,1.1971258,0.70058554,1.4159611,1.4142542,1.180569,1.0604209,1.0139803,1.0622011,0.4021114,1.1485788,2.321113,1.0025223,1.0820811,1.0080544,0.4006626
618,1.221616,1.5873303,1.642179,0.78972703,1.603866,1.903102,1.1402546,1.2056726,0.7740971,0.5357355,1.0266477,0.9899275,0.9825829,0.5817853,1.1716168,0.69560814,0.99169415,1.0040452,1.0174646,1.2041645
619,1.1048653,0.66494423,1.270942,0.9027522,0.841174,0.6266112,0.8863831,1.3805073,0.95843637,2.172544,1.0001233,1.0118091,1.0299354,2.7622008,1.207589,2.343208,1.0004158,1.0964392,0.9997855,0.48017788
620,1.1146538,1.5414,1.0811508,1.2323985,0.72556436,1.6813546,1.703235,1.8529325,1.247475,1.2611743,0.98286515,0.9858904,0.9482281,1.747201,1.1837965,1.2334567,1.0026667,1.0537539,1.0065645,1.0212572
621,0.9213366,1.3615746,0.94499236,1.3875966,1.1101594,1.7344204,1.165474,0.6940243,0.9312835,1.5246342,0.9873258,0.9847777,1.0113338,2.3123994,1.2342066,1.8718247,1.0198629,1.0600781,1.0028429,0.6046735
622,0.9541405,1.3495052,0.8641606,1.2682114,0.66153544,1.329229,1.5908437,1.5043881,0.95940244,2.9025683,1.0805657,0.99480253,1.0168024,1.4173564,1.2962519,1.5774586,1.0132457,1.0801427,0.98455966,0.3562885
623,0.8116897,1.4667568,1.2381523,0.9059746,1.5587521,1.7850903,1.1031861,1.5655057,1.2925636,0.73735166,0.9865327,0.98434,0.9783819,1.1057601,1.1495732,0.7786311,1.005027,1.0962493,1.0015908,1.0088502
624,1.2760208,1.3948615,1.4458883,0.9264034,0.9160906,1.0677131,1.9103491,1.1252304,1.0047393,0.99942124,1.0006305,1.0065213,0.99228156,2.217132,1.2131442,2.4140213,0.9959485,1.0215108,1.008796,0.9515738
625,1.4547157,1.2898123,1.5364091,1.4972901,1.6110531,0.84268755,1.9060383,0.8034461,1.5418799,2.8586617,1.1224539,0.9966653,0.99602354,1.8600091,1.23959,2.161288,0.9929682,0.9174979,0.9969809,0.5430572
626,0.35502416,1.1661017,1.4275656,0.7958526,1.6663923,1.6385024,1.3411942,1.1785556,1.1000541,1.0889287,0.9933533,0.9900935,1.0415274,1.9585415,1.2097489,2.291579,1.0423969,1.2122749,0.9695196,0.24064922
627,1.2394276,0.6753529,1.4210746,1.6503782,1.2873936,0.97175306,1.054256,0.62224805,1.2644594,1.1887434,1.0464355,1.0042999,1.0063488,2.768487,1.1543783,0.7515867,0.9818082,0.8420043,0.98728174,1.4644184
628,1.4676752,1.2781262,1.2424228,0.7196612,0.85937124,0.7676622,1.213304,1.9633042,1.1395802,0.7675885,0.9852363,1.0177715,1.0064744,0.98382866,1.1207287,0.8858714,0.98333776,1.0412188,1.0093895,1.1187332
629,1.0942757,0.8879754,1.3252747,1.3443258,1.2673603,1.1706423,1.06855,1.1768687,1.4670551,1.0323933,1.0168594,0.99779993,0.98024607,1.8234607,1.1401807,1.7432754,0.98756635,0.97680724,1.0079322,1.0614586
630,1.5499923,1.7937729,0.555847,1.4533536,1.4282594,0.95697445,1.4957519,1.6035448,1.7593557,1.1605963,1.01314,1.0102836,0.97608906,2.2334728,1.1465895,2.8157773,0.96945035,0.92136246,1.0168134,1.1040301
631,1.5377669,1.3588972,1.1876702,1.2232695,1.1256453,1.3344523,0.77544177,1.8429618,1.2923697,2.75952,1.0806396,1.0005323,1.0245416,1.1989471,1.1486546,1.8209007,0.9956429,1.019045,1.0052267,0.4981301
632,1.3039382,1.2069931,1.7320611,1.0582716,1.7707986,0.8046984,1.649744,0.70782226,1.5957241,1.502598,1.1175082,1.0040783,1.0064385,0.44540513,1.2116377,0.6374465,0.9858167,0.9791845,1.0144992,1.088192
633,0.7026344,0.8672442,0.9227053,1.043122,0.72758746,1.3696845,0.81493896,1.3098946,0.9741684,0.4699699,0.9437346,1.0042706,1.0180714,2.5579538,1.1678458,2.397391,1.0070436,1.1106594,0.9989606,0.9192714
634,0.9535361,1.1565034,1.1719522,1.3819398,1.1887149,0.9225692,2.0043468,0.6503209,1.4443365,0.5035063,1.0153553,1.0026104,0.953269,2.247642,1.2223121,1.8677678,0.9749708,0.9122651,1.0071641,1.403173
635,0.9908411,1.2972388,1.6469636,1.594264,1.0621791,1.4807533,2.2239645,0.9202449,1.7637777,1.0022591,1.0188619,0.9874238,0.93256104,2.7756848,1.1570827,1.4115416,0.98899823,0.90235794,0.9956925,1.4424393
636,1.0786407,1.3824694,1.1500912,1.5567455,1.56713,1.3027357,1.4112736,1.4895782,1.9122317,2.6866446,1.0420308,0.9876023,0.994427,2.5694084,1.1563648,2.1325219,1.0113083,1.0325587,0.98548007,0.39409798
637,1.8148391,0.69886166,1.8824282,1.505727,1.0116823,0.91960377,1.0090667,1.3385086,1.3960378,2.4614434,1.0958304,1.0022451,1.0076557,2.7751393,1.1045018,0.8695135,0.9811342,0.8455231,0.9901673,1.3995564
638,1.5703092,1.7375646,1.188499,0.9880938,1.3310088,1.3831023,1.1879009,1.3622301,0.84665954,2.4395845,1.0542635,0.999499,1.0141108,1.6349146,1.2286562,2.1004174,0.99485534,1.0193446,1.0169952,0.5099621
639,0.7655911,1.2196696,0.77476525,1.422722,1.6508341,1.335189,0.9662493,1.6839013,1.9675313,0.98692,0.9980885,0.99188626,1.0225515,0.61728704,1.0943577,1.2761738,1.0226046,1.1154025,0.98063827,0.47257856
640,1.8122957,1.4690161,1.4970064,1.0130289,1.6375569,1.7105123,0.5115345,1.1558444,0.6836343,2.5889697,1.1049616,0.98391116,1.0013657,1.3662819,1.2114898,0.824203,0.9815355,0.939602,1.0276784,1.1410524
641,1.5207446,1.3595853,1.4058018,1.3938699,1.5911621,0.75414604,1.6258266,1.7119493,1.9624412,2.8764496,1.093464,1.0031421,0.9928801,1.9339727,1.1478447,2.3129084,0.98890936,0.96465755,0.9944189,0.4945087
642,1.1213939,1.199727,1.2327003,1.0561373,1.2923517,0.7582571,1.7118216,1.3730673,1.5271327,1.8278877,1.0390371,0.9955058,1.0057194,1.0941309,1.1997218,0.75258505,1.008541,1.0685229,0.98681223,0.75186616
643,1.7441478,1.2277336,1.729157,1.1245983,1.30538,0.971692,1.32341,2.0200083,1.6549504,2.4370637,1.0872866,0.99799687,0.9991822,2.0068288,1.0942032,0.39241508,0.9873263,0.9390042,0.9834247,1.335856
644,1.9124527,1.3177342,1.6483881,1.0584917,1.1023932,1.0104638,1.2627242,1.314842,0.9918753,2.0854487,1.0416588,1.0038078,0.9868223,2.009581,1.1728212,2.1106017,0.9802479,0.94500065,1.030085,0.874937
645,1.1981118,1.9807312,1.5327342,0.65819514,1.7752208,1.7712003,1.5549216,1.2570136,0.9732456,1.3649156,1.0141214,0.9890704,1.0128559,1.2283942,1.2112073,1.4607387,1.0196723,1.1296296,1.0095805,0.5705373
646,1.8745811,1.5288773,1.8060224,1.1242573,1.4593403,0.8701684,2.0302165,1.1644586,1.3459985,0.54234445,1.0886551,1.0162647,0.9660986,0.6441997,1.1467814,1.9432645,0.9577062,0.82284486,1.0250045,1.4340081
647,1.6942301,1.4966297,1.5481195,1.3659015,1.2791314,1.2589446,1.7778666,0.5675628,0.9978657,1.5811466,1.0985647,0.9960143,0.9878901,0.5066422,1.2331183,1.43843,0.9852487,0.8824385,1.0235169,0.97035545
648,1.455354,1.1300123,0.73397803,1.5331658,1.0651752,0.9710769,0.9748995,0.8888996,1.1725339,1.9046925,1.0724742,0.99824405,0.99590105,1.4313155,1.2249084,0.9008608,0.973031,0.8925042,1.01407,1.2795141
649,1.3931038,1.1253593,1.0458305,1.9444036,1.004552,1.9232286,0.46490717,1.5085204,1.7190446,2.5510974,1.0466356,0.9772816,0.9858155,2.3368273,1.087991,1.50103,0.99974936,0.9453656,1.0058627,0.9354332
650,1.8225908,1.6831174,1.1972854,0.70617735,1.1170003,1.1128334,1.0605187,1.4971465,0.51860666,0.6151335,1.0014822,1.0222808,1.0210056,1.5209492,1.1683413,1.7591856,0.9725491,0.9549264,1.025708,1.2222759
651,0.89346486,0.54069644,1.6570196,1.8097999,1.6299286,1.5553015,0.73343366,1.0385753,1.8133383,1.8420218,1.0822024,0.9904699,1.0314697,1.6686698,1.0923569,2.7693944,1.0211341,1.002711,0.9803451,0.29731905
652,0.97053987,1.4657803,1.4222441,0.93819636,1.7771374,0.75745386,1.8990543,1.2254833,1.788299,2.415854,1.0318444,0.998982,1.0060734,2.7385058,1.2254461,1.6485589,1.0112948,1.1189027,0.9910478,0.49349877
653,1.255033,1.2024593,1.2477365,1.065514,1.3321639,0.96940607,1.3164828,1.6984311,1.554152,0.79847896,0.997975,1.0112514,0.99620193,2.298216,1.115348,2.9061892,0.988112,1.0189185,1.0033194,0.962695
654,1.6205139,1.7792666,1.2060544,1.2002208,1.9403118,1.3310717,0.7689604,0.94840735,1.4471931,1.2281696,1.0436839,1.0157087,1.01094,2.5913153,1.1499939,1.7348051,0.965466,0.9261538,1.0409646,1.3041899
655,1.6541157,1.8012516,1.5104494,1.2252238,0.913458,1.5777296,1.7649128,1.5449718,1.2513313,2.178425,1.0402265,0.9944524,0.9996756,1.714604,1.1617453,2.1859848,1.0093476,1.0139656,1.0084271,0.583801
656,0.99534243,1.4035106,1.2735162,0.75189036,1.6705421,1.2002829,1.1935529,1.6012999,1.2573436,1.7018346,0.99455446,0.99474716,1.0152484,1.7716883,1.1838007,1.536355,1.0156097,1.1500002,0.9944208,0.45836732
657,1.5927205,1.1301656,1.3761511,0.81636226,0.98743,1.315678,0.5215679,1.657914,0.7299417,1.0570326,0.99878806,1.0117084,1.0151857,1.9980072,1.1310163,2.7098181,0.98294604,1.0216718,1.027789,0.96508723
658,0.9751813,0.85466343,1.7676733,0.8483426,0.97285795,1.350712,1.1906796,0.9621945,0.7414833,1.1884505,0.9870401,0.9924313,0.9866605,2.3885226,1.2038873,0.9311533,1.0014324,1.0490444,1.0048995,1.0935558
659,0.8428373,1.5652728,0.7669768,0.72301817,1.451527,1.4249889,1.0895357,1.1547207,0.7525861,0.8977767,0.9771286,0.99064666,0.9937834,1.279454,1.2562639,0.42681208,0.9971887,1.0968186,1.0086066,1.0633787
660,0.5247598,0.791109,1.4996414,1.180824,1.4358429,1.6285588,0.7401115,1.2640713,1.1714557,2.4427118,1.1045382,0.9960043,1.0590572,1.0208658,1.200031,2.2028759,1.025034,1.1183769,0.97153276,0.017038003
661,1.7240744,1.668777,0.820618,0.90847164,1.5519066,0.82148594,1.1298621,1.0924035,0.76294625,2.219158,1.0302614,1.0016718,0.9938468,2.1607385,1.2749832,1.624319,0.9735197,0.9708281,1.0298266,0.9405767
662,1.7137656,1.2513494,1.8825183,1.3883619,1.1817089,1.5675427,1.0804864,2.0805724,1.821583,2.300568,1.0304527,0.9913993,0.982201,2.6402407,1.0299098,2.5824194,1.0024385,0.9944297,1.0059513,0.71718717
663,1.3555179,0.69231635,0.92017645,1.3334208,0.6365596,0.82309526,0.741246,1.7617406,1.1365153,2.0140934,0.97457933,1.0024561,0.9937294,2.606031,1.1702007,2.0281925,0.99755466,1.0562288,1.0114738,0.6362959
664,0.7494145,1.3922145,0.755225,1.2734351,0.7670517,1.3371943,1.5072609,1.5125028,1.395031,1.3554832,1.022178,1.0065438,1.056258,0.8324181,1.1829908,2.2279441,1.0286463,1.13603,0.97564435,0.25408
665,1.186353,0.84045416,1.1857688,1.6951525,0.73189753,1.4177457,1.0174329,0.85755235,1.1958305,1.7623056,1.0551559,0.9904186,0.9966063,2.2531734,1.1798017,0.60268784,0.99146086,0.90211433,0.99400455,1.3867049
666,1.2495017,1.5965302,1.6329708,1.1715373,0.7372025,1.8938206,2.003758,1.7471272,0.9487549,0.604004,0.9964008,0.9915996,0.95537233,1.749589,1.1598376,0.50308025,1.0027157,0.97815657,0.9938332,1.3732817
667,1.5472729,1.7008729,0.94294864,1.1237869,0.9874399,1.3280524,1.21368,1.8478698,1.3177099,1.3605913,1.0078189,1.0038373,1.0085601,0.94966376,1.1297525,1.7441585,0.9967834,1.0372243,1.0136093,0.77571875
668,1.6819439,1.7456908,0.64515823,1.5593259,1.7239689,1.4185768,0.8854713,0.89340633,1.1466116,1.3316075,1.0604181,1.0001332,1.0015134,0.8966316,1.1949618,2.211296,0.9753475,0.88639086,1.0322144,0.88711596
669,0.95434004,1.2854393,0.49482638,1.2360859,1.6023508,0.9060249,1.0379585,1.2535288,1.432861,1.0014411,0.9703293,1.0061473,1.0145082,2.6208668,1.1899259,2.7256613,0.9970039,1.0566971,0.99934226,0.71078384
670,1.1984532,1.0377283,1.5955439,1.5847967,1.2314997,1.8268617,0.9513371,1.1371759,1.4403467,2.3351123,1.0522817,0.975613,1.0053794,1.7463576,1.1350626,1.3173586,1.0229217,1.0226032,0.99441755,0.5899516
671,1.5488575,1.3208475,1.689378,1.618259,1.1807363,1.5863191,1.5751112,0.71446943,1.1971092,1.9791592,1.0807759,0.98740274,0.9733659,2.713737,1.1855375,1.1083393,0.984916,0.83251137,1.0023445,1.4289331
672,0.88738257,1.3089485,1.4287941,0.43940273,1.3134516,1.1977657,1.3988532,1.1577096,0.60091054,1.4168476,0.9543525,0.9930671,1.0145981,2.295689,1.2590979,1.3913229,1.0225074,1.1895,0.99933743,0.5360384
673,1.4028285,1.1868811,1.0978582,1.4671528,1.7145486,0.98251027,1.0224015,0.8363897,1.4410536,1.6858219,1.0508306,0.99968797,1.0065343,1.417327,1.1840018,1.8286393,0.9901236,0.95813453,1.016715,0.6891031
674,0.8676992,1.4534402,1.1247351,1.6076183,0.7242364,1.747276,1.9847031,1.1897355,1.0667455,2.9055572,1.0928249,0.9870595,0.99989957,1.7527343,1.2998075,2.2864697,1.0225703,1.0409396,0.9825884,0.17752625
675,0.7675682,0.7268596,0.6622769,1.5125318,0.5446108,0.6338472,1.7297257,1.3666024,1.3804684,2.9419537,1.1063912,0.9935624,1.0191945,1.0497848,1.3069996,0.5209948,1.0140244,1.0637943,0.96366984,0.62332493
676,1.174911,1.6612215,0.72010815,1.2170782,1.763045,0.7236709,1.6378862,1.0149353,1.6587775,2.5803058,1.0534707,0.99747753,1.0132486,2.3224454,1.2669549,1.3243623,0.99929726,1.047727,0.9981725,0.6849169
677,0.63284737,1.1839569,1.0475054,1.1889765,1.6893848,1.8288597,0.5912203,0.97776395,1.2911103,0.82037413,0.979372,0.9849152,0.97599447,2.5108833,1.1745667,1.0880191,0.99279,1.047437,1.0126553,1.221261
678,1.2041025,0.96911305,1.7400258,1.4078611,1.0707358,1.3990947,1.5517416,0.5550328,1.0919377,0.4367024,1.0550575,0.9993179,0.9726575,1.1294516,1.1751074,1.2571163,0.98025143,0.87473464,1.0133871,1.400918
679,1.6526039,1.268822,1.1798053,1.8723578,1.2059822,1.4312748,1.1437503,0.94055885,1.5117133,0.6130754,1.0670106,1.007674,0.96405196,1.8417968,1.1081134,2.4575164,0.9540745,0.7563925,1.0269524,1.5945876
680,1.2774675,0.98858696,1.5237546,1.3763602,1.4008762,0.91998094,1.4066408,1.3389632,1.7155931,1.7872051,1.0571358,0.9999224,1.0122206,1.0152363,1.1302931,1.7671947,1.0076224,1.0160868,0.9933399,0.48561636
681,1.4064474,1.7902637,0.7721066,1.453429,1.5451936,1.4331511,1.404183,1.2597053,1.4979061,0.6931859,1.035796,1.0029969,0.9818437,1.3345791,1.1575942,2.5004191,0.9764916,0.9152522,1.0181912,1.1334534
682,1.550705,1.0332177,1.4298754,1.2204573,0.96695626,0.5789961,1.6485531,1.52273,1.602468,0.75738466,1.0363808,1.0218503,0.9957909,1.5578705,1.1134518,2.8694065,0.97640413,0.9394808,1.0099971,1.0571764
683,1.7933092,0.8404687,0.87949115,1.5520015,0.58844864,0.76415485,1.2470741,1.9555534,0.9963796,1.5336887,1.0119338,1.0083483,0.91590846,2.9104848,1.2134353,2.864032,0.9530582,0.8767506,1.0382285,1.2870665
684,1.9809256,1.2980509,1.415745,1.0865557,1.6478282,0.7172038,1.1882911,0.6320799,0.70926857,0.73157585,1.0893364,1.0203842,0.9928662,0.65398717,1.216716,2.1299093,0.94774055,0.8064136,1.0446686,1.298511
685,1.0303771,1.3168082,0.99181384,0.9536254,0.6527183,1.1964484,1.5715561,1.9913676,1.2195452,1.3327287,0.9802314,0.99409485,0.98385113,1.0855259,1.188032,0.65842915,1.0107592,1.1298367,0.99566144,0.8469284
686,1.5908124,0.97666365,2.05361,0.91669244,1.8065394,0.513925,1.1605908,1.0660094,1.4727466,3.1301193,1.1166986,1.0156438,1.0194609,2.7664099,1.2054603,2.4897447,0.9790011,0.9966856,1.0210766,0.54567826
687,1.2104254,1.6321843,0.77920544,1.1810176,0.758091,1.3918248,1.2210457,1.2965592,0.78231716,2.7377443,1.0780878,1.0079831,1.0464053,1.4257689,1.2718196,2.4425538,1.0017031,1.0449106,1.0012946,0.2663203
688,1.4792576,1.365705,1.4486985,1.01403,1.2618067,0.8292324,1.7186493,1.2138087,1.1748587,2.0110385,1.011891,1.0049531,0.99777806,3.0294914,1.2117923,2.8196268,0.9969785,1.0178947,1.0075256,0.6449183
689,1.4361062,1.6548581,1.0178897,1.1053634,1.6030755,1.6592249,0.90097386,1.2181891,0.9387673,2.382699,1.0875263,0.9799776,1.018577,0.58483636,1.2314938,0.4347748,1.0043862,1.0210387,1.0052528,0.8478111
690,1.4112685,1.2727146,1.6524804,1.8213708,0.95140374,1.521931,1.9417129,1.1636674,1.8607159,2.0591526,1.1164577,0.98346007,0.96649224,1.7749864,1.1343535,0.4078047,0.99034756,0.84026355,0.9824091,1.563081
691,1.1491575,0.773423,1.107137,1.9116886,1.217208,1.4567987,0.8117723,0.78970826,1.6106819,0.55986965,1.0422903,0.9990333,0.9537233,2.3812923,1.1192727,2.5810888,0.960305,0.8164246,1.0219251,1.5553923
692,1.4653735,1.09689,0.78103155,2.0268953,1.0453678,1.4865538,0.66540486,0.95244175,1.4972812,0.75829613,1.0825833,1.0022029,0.9963954,0.3756715,1.1057037,0.69902253,0.9667988,0.79234827,1.0137197,1.5297227
693,1.6645479,1.4317312,1.4717183,1.2893836,1.3350446,1.5510229,1.024956,1.662802,1.4269598,1.2984961,1.0353279,1.000466,0.97381973,2.178588,1.0920775,2.7437289,0.976303,0.92420626,1.0232668,1.1423185
694,0.48531467,1.6638808,0.76181585,1.0941424,1.752658,1.1715411,1.8193493,0.7943222,1.2773924,2.2889733,1.060291,0.99724495,1.0367736,1.680242,1.3251971,1.8924739,1.0205044,1.1270442,0.97703075,0.13326098
695,0.78286177,1.0766218,1.6374204,1.1100531,1.3124039,1.6113759,1.3441027,1.5042728,1.5728608,0.51148236,0.99669373,0.9882715,0.9616221,1.5073564,1.1045038,0.6554854,0.9977787,1.0283856,0.99354273,1.2967587
696,1.1876051,0.87006,1.8437734,1.3116447,1.4529129,1.7612505,0.6685694,1.8022473,1.7011662,0.87224925,1.0475204,0.992705,1.0118278,0.43087018,1.0161607,1.8000879,1.0113224,1.0366054,0.9966183,0.73350334
697,1.332334,1.461364,1.1094043,0.98624724,1.2116846,1.3388952,1.1036097,1.3920239,1.0365545,0.9441844,1.0165364,0.99984634,0.9930544,0.5974785,1.1740063,1.0883484,0.9873333,1.0148358,1.0200217,1.0146053
698,1.3952057,1.418241,0.9442211,1.3852582,1.7218474,1.1919898,0.9685065,0.89250296,1.4895812,2.761016,1.1231296,0.9874602,1.0038031,1.8051208,1.2437732,0.42019323,0.9807418,0.9413724,1.0096104,1.2938232
699,0.8076319,0.815183,1.1615338,1.1878314,0.79683876,1.0193745,1.0265889,1.6047764,1.2842271,2.9130654,1.0410973,1.004125,1.0306268,2.7207084,1.2088567,2.4055583,1.0107981,1.1092811,0.9805951,0.23538987
700,1.0378947,1.1927474,0.6529661,1.7321992,0.89350176,0.8990974,1.639499,1.3887663,2.004703,2.3381822,1.050844,0.9904463,1.0176973,1.3008181,1.1750947,0.8211198,1.0179964,1.0384717,0.97293156,0.670742
701,1.5576074,1.5851357,1.5601664,1.2839048,0.96294415,1.2781514,1.8475304,1.590636,1.3792223,2.735665,1.0816334,1.0036625,1.0034078,2.3258495,1.1845661,3.036398,0.99950576,0.98541284,0.9993492,0.46390364
702,0.6592547,1.3306592,0.96819276,1.1915255,0.8776903,1.54064,1.5789727,0.8500285,0.9814377,0.97970724,0.9969843,0.9943383,1.0480568,0.83237183,1.2336724,1.6090264,1.0392439,1.1466553,0.9829943,0.32563388
703,1.0400484,1.1626711,1.2358482,1.6375546,1.1644919,1.415511,1.3641032,0.482006,0.9913449,2.9286692,1.1371218,1.0006443,1.0406977,1.7234672,1.28837,2.9513502,1.0044352,0.95372146,0.99276054,0.17666368
704,2.02678,1.4280834,1.2930515,1.8618302,1.0819322,1.4388565,1.0955604,1.2147639,1.5221164,2.8784254,1.0895491,0.98961633,0.9717996,2.4757,1.141365,2.1866946,0.9761214,0.83068866,1.0259213,1.0339775
705,0.8235534,1.2416894,0.8312796,0.9366883,0.95050275,1.082544,1.4422452,0.7670269,0.69407344,0.8555057,0.95890737,1.0052034,1.0362931,2.3047295,1.2704337,2.408646,1.0178274,1.1226168,0.9980583,0.5696828
706,2.0095377,1.4635644,1.3031454,1.7067974,1.0028402,1.7931598,0.64245266,1.3887548,1.0924575,2.6346784,1.0960796,0.9922006,1.0162567,2.6298213,1.1169173,0.8030151,0.98277193,0.81924355,1.0013088,1.4525421
707,1.8643837,1.5640495,1.5733075,1.5969195,1.1689036,1.8154155,1.037875,1.3386681,1.2146387,2.709908,1.1182635,0.99617434,1.0147035,1.3212489,1.1408122,2.8002517,0.99430716,0.9072354,1.0180659,0.49308693
708,0.8798538,1.9739285,0.976739,1.1763532,1.7273753,1.803207,1.7993727,0.97382313,1.3759074,1.3344222,1.0277231,0.9771856,0.97120905,1.3382658,1.2422423,0.6236472,1.0056024,1.0373262,1.0004328,1.038991
709,1.8984857,1.4354577,1.5574017,1.9271894,0.8678308,2.0058334,1.222255,0.8861024,1.0115987,2.3050997,1.1186988,0.9853866,0.98787844,2.3153713,1.1624044,0.8778939,0.98355484,0.76522005,1.0048931,1.5440352
710,1.2622733,1.1460965,1.3939652,1.0385664,0.9676435,0.817383,1.6712688,1.5754706,1.5080432,0.8983352,1.0083177,1.0090581,0.98213863,1.4949778,1.1398314,1.7536047,0.9869062,1.0107025,1.005166,1.0670841
711,1.7228568,1.790523,0.91940767,1.5608974,1.1654227,1.0736023,1.6735511,0.7781094,0.9532633,0.59297895,1.0314122,1.021625,1.0311363,2.2965326,1.1730797,0.724205,0.9762217,0.78824264,0.9908411,1.5737696
712,1.3464596,1.0475307,1.2159696,1.5488148,1.6421803,1.3900751,0.78306097,0.8619179,1.3040882,0.91185915,1.0535316,1.0011001,1.0022378,1.5774311,1.1439995,2.7597473,0.98327875,0.9094466,1.0175791,0.93970805
713,1.0628366,1.5560794,2.1993837,1.2801299,1.8885944,1.8857421,1.58757,1.20835,1.9590037,0.3331795,1.0317873,1.0016817,0.9899723,2.6696248,1.0405045,0.667155,0.9958726,0.94234097,0.99127626,1.5622859
714,1.340719,1.3213406,1.2967963,1.3892326,1.2007103,1.1517564,1.663017,0.6328056,1.0791543,0.88616383,1.017785,1.004501,0.9709789,2.8123555,1.2108111,1.9687781,0.973777,0.8693316,1.0139395,1.3827825
715,1.453213,1.370867,1.1208246,1.2989697,0.83815336,1.0931305,1.2254972,1.6760092,1.2603892,2.9709954,1.0960352,1.0101829,1.0277083,1.442284,1.1968248,2.425727,0.9925139,1.0017788,1.001102,0.3466142
716,1.6749711,1.5465686,0.94592917,1.8458395,0.68774295,1.9053563,1.1763785,0.78476834,0.63401365,2.4999793,1.0851824,0.99035513,1.0039945,1.4906611,1.2632087,2.5498476,0.9993877,0.9063442,1.0260595,0.50385076
717,1.2534225,1.157579,1.4478235,1.1233757,1.0783201,1.020069,1.753041,0.56127316,0.8336119,2.2813702,1.1045618,0.99171555,1.0276632,0.6496681,1.297314,0.7238699,1.01113,1.0097457,0.99371934,0.7088227
718,1.6114798,1.3423262,1.7384901,1.2984626,1.2545894,1.7172567,1.1671429,1.2445341,1.1702065,2.4693985,1.0952545,0.9803892,0.9934536,1.2361778,1.1667128,1.0252786,1.0017533,0.96207386,1.0083846,0.9266247
719,1.4337492,0.9601659,1.3385842,1.3104311,0.6160009,0.8820178,1.6475308,1.3079168,1.0048485,0.9560807,1.0504307,1.008989,0.99124134,0.96674025,1.1910683,0.4834608,0.9842966,0.9178045,0.9986098,1.3520374
720,1.6289444,0.812836,1.8252623,1.9784913,0.7974504,1.6416291,1.2941971,1.220392,1.4865484,1.0446049,1.103235,0.99438244,0.95449585,0.91213,1.0842973,0.9326372,0.9740636,0.77563643,1.009994,1.5585601
721,1.8037114,1.7672429,0.7973011,1.0247059,1.2730129,0.6579537,1.4986131,1.5865697,1.2103156,1.579723,1.0505115,1.0135714,1.0038568,1.0597724,1.1956642,0.8742782,0.9699923,0.93145347,1.0121403,1.2327371
722,1.3196008,0.9175826,1.5135562,1.4687881,0.6852869,1.0566915,1.8552454,0.62411785,1.0517511,1.8979386,1.0757049,0.99084544,0.96553344,1.8032776,1.2614948,1.0962806,0.9871573,0.90740526,1.0087702,1.2301272
723,1.0616734,0.75020605,1.7777157,1.3711559,1.5981197,1.5175756,0.8026416,1.403702,1.7073474,1.2684604,1.0353512,0.98530245,0.9686963,1.5439229,1.0785401,1.2661855,0.9945944,0.98649126,1.0033749,1.0219166
724,0.9882266,1.1929669,0.66758794,1.0530844,1.7573396,0.60358256,0.76072437,1.768627,1.8907964,1.7677299,0.9801124,1.010022,1.0285572,2.395225,1.1406478,1.911818,1.0009953,1.139744,0.99845505,0.49051958
725,1.6482835,1.1715379,1.5889864,1.5365231,0.80488586,1.6242174,1.0228429,1.4368149,1.0464467,0.560933,1.0216262,1.0094111,0.9974262,1.9077984,1.0705096,1.0685048,0.9815289,0.8492634,1.0047209,1.4733486
726,0.8387653,1.358777,0.6653699,0.9185446,1.6557894,0.6029243,1.2468991,1.7894644,1.5442752,2.4857645,1.0313421,1.0096818,1.0249313,2.1490965,1.2292209,2.135624,0.99805194,1.1208878,0.9820904,0.28632647
727,1.3145273,1.0894759,1.3968737,1.2738905,1.7079722,1.0362529,0.8847419,1.4052557,1.5281922,2.711992,1.0761981,0.9995744,1.0121467,2.0288758,1.1666495,2.1714203,0.99412185,1.0091408,1.0024884,0.42322087
728,1.6935227,1.3918991,1.1199067,1.766887,1.1708306,1.5088972,1.0274712,1.2740284,1.4485997,2.3374562,1.105942,0.99084234,1.0045729,2.0559077,1.1393658,0.43362764,0.98256505,0.83087194,0.9910012,1.5036857
729,1.3608613,1.3273873,1.6650119,1.4422653,1.5258694,1.4261528,1.6070513,0.9917047,1.5007546,1.586743,1.070437,0.98957175,1.0082825,0.53104556,1.1510412,1.6054018,1.0157087,0.99272,0.9993888,0.5011665
730,1.2304418,1.3607669,0.9076616,1.4723244,1.3364961,0.8644497,1.7004623,1.0934665,1.694869,0.94012666,1.0367677,1.0029047,0.9747185,0.892655,1.1773195,1.3703661,0.9802427,0.93490326,1.0087882,1.0789378
731,1.5164299,1.2119393,1.6977024,1.361716,0.822365,1.3792855,1.8819788,1.277226,1.1335554,0.97274077,1.0492818,1.002836,0.97673756,1.643886,1.1703923,2.895573,0.9940957,0.9405645,1.0127589,0.9511562
732,2.036448,1.7257612,1.0729632,1.6735728,1.2590362,1.8647479,0.7187682,1.0419902,0.97923136,1.6427442,1.0773139,0.99857986,0.9994386,1.274401,1.1468756,2.7987874,0.9743758,0.8405412,1.0425944,0.9599669
733,0.84419864,1.1546271,1.4273288,1.1501317,1.3088207,1.5294486,1.1747302,0.81904155,0.7635424,2.828761,1.1071609,0.9987367,1.0438558,2.0090737,1.2879814,2.78702,1.0113894,1.0495516,0.988326,0.142116
734,0.9405766,0.7628673,1.2761772,1.279957,1.2172173,0.76780456,1.5863965,0.36684793,1.113194,1.4189969,1.0559419,0.99379677,0.9830123,1.5587577,1.2769278,0.7583722,0.98795027,0.9559474,1.0014975,1.1710612
735,1.6593621,0.8752118,1.8501644,1.498436,0.94755113,1.7531232,0.5149625,1.7795061,1.5051112,2.3614872,1.0856227,0.985182,1.0066943,0.86340916,1.0475678,1.137162,1.0045972,0.9768374,1.0065703,0.8225628
736,1.1689789,1.1342194,0.8546931,1.1038592,1.5700332,1.1348926,0.6763492,0.9933666,1.0025909,2.3422463,1.0620768,0.9864701,1.0129212,1.620751,1.2566055,0.47548798,0.9933113,1.0241985,1.0042368,1.0055022
737,1.4076378,0.9236552,1.8073056,1.106911,0.94021976,1.6694719,0.8464492,0.7249161,0.513047,1.1927446,1.0295259,0.9967228,0.99631166,2.2101874,1.1923794,2.4123747,0.9898108,0.95714444,1.0280746,1.0403898
738,1.649467,1.2181399,1.2034461,1.4699931,1.7440991,0.5530209,1.1240255,1.5764832,1.9156926,0.3345317,1.0507812,1.0288796,1.0167078,1.2365123,1.0366933,0.6409128,0.9618685,0.8276449,0.9938892,1.5398953
739,0.81111985,1.1097236,0.8838932,1.5200682,1.673258,1.5569571,0.9018146,0.65766066,1.2480092,0.57681704,1.0272189,0.9951902,1.042209,0.8119302,1.1806163,2.309817,1.01899,1.038627,0.99428093,0.4913905
740,0.594123,1.0688086,1.3596535,1.2239993,1.1597852,1.4199952,1.458588,1.174363,1.2674053,2.032501,1.0944966,1.0027739,1.0576572,0.8862964,1.2196987,2.4521391,1.0269277,1.106251,0.968773,0.07815997
741,1.1647477,1.2117894,0.7161858,1.7848296,1.2564873,1.568482,0.7835832,1.0835696,1.5376451,0.5262462,1.0142553,1.0000147,0.96613026,2.28932,1.122453,2.1621063,0.96542007,0.8591723,1.018211,1.5083084
742,1.5108142,0.75839967,1.802326,1.557163,1.0770737,1.3048552,0.9559294,0.9911788,1.2248083,2.0266774,1.1031007,1.0050814,1.0331753,1.3728269,1.1365628,2.9916446,1.0006877,0.937817,1.0059323,0.46117
743,1.5944948,1.0177217,1.394387,0.9531826,0.8241902,0.9938244,1.0454485,0.7960562,0.4354527,2.291871,1.0921351,0.9995673,1.0381845,0.60262334,1.2738496,0.8104739,0.9971558,0.9988058,1.0140615,0.8171262
744,1.1932845,1.4926009,1.6269519,0.73440164,1.9730366,0.7559971,1.680125,1.5155716,1.929711,0.4070386,1.0531446,1.0237517,1.043995,0.46100533,1.1131073,2.281151,1.0026119,1.1105928,1.0046313,0.66087556
745,1.6705797,1.2416863,1.3280268,1.6019948,0.75224817,1.7975434,1.0251648,1.3977369,0.81035984,2.5482075,1.0736687,0.98392767,0.99000347,2.8378882,1.1940675,0.5782293,0.99434143,0.8859137,0.99538755,1.3936379
746,1.3442147,0.7246414,1.7304621,1.210973,1.355019,0.86740154,1.0848116,1.562337,1.6400757,0.35564128,1.03352,1.0141784,0.9809429,1.4683769,1.0569813,1.5913682,0.96970004,0.90871656,1.0046718,1.4137461
747,1.1121762,1.2953813,1.2718277,1.2606189,1.3035626,1.506375,1.2775317,0.8853063,1.0910612,0.98385704,1.006182,0.9922018,0.9668456,2.294653,1.1956022,1.4262745,0.98406434,0.9489636,1.0139765,1.268625
748,1.5336406,1.1507988,0.96734893,1.6102114,0.7231432,1.1154405,1.1032022,0.62895143,0.84860337,0.5405854,1.0315677,1.0164287,1.0160607,1.3669587,1.1755269,1.0784088,0.97270155,0.8317689,1.0149385,1.4037266
749,1.3446667,1.803504,0.89773625,1.0356568,1.2532177,1.634982,1.1633934,1.0046611,0.55906,1.3291087,1.0577317,1.0072391,1.054418,0.6255461,1.2484766,2.7136412,1.0058473,1.0365852,1.012471,0.4193225
750,1.1068931,0.9532444,1.4646213,0.56105137,1.040088,0.94570297,1.144325,1.1894276,0.61220694,0.6429726,0.976798,1.0116749,1.0125272,2.1238492,1.2120302,2.2699773,0.9935887,1.0836444,1.012889,0.94197947
751,0.83742636,0.9503308,1.6091521,1.6535027,0.79194105,1.7384531,1.8044126,0.8053236,1.487626,0.41567817,1.0382652,0.9872226,0.9488407,1.3410056,1.1574372,1.4466676,0.9940115,0.92407894,1.0023462,1.3625407
752,0.9151754,1.1876502,1.1382062,1.1434667,1.774016,0.8126835,1.2372286,0.77871317,1.7320622,2.1265562,1.0397573,0.998951,1.0208703,2.5286584,1.2306498,1.087611,1.0036979,1.0922816,1.004457,0.77666956
753,0.8541505,1.1622665,0.6854591,1.5983691,0.547747,1.9862319,1.114848,1.5905005,0.6999912,1.6410586,1.0477711,0.9912658,1.0158153,0.75380814,1.2562202,2.3669827,1.024997,1.0869472,0.9937582,0.25088623
754,1.8392906,1.4119167,1.0666635,1.2785852,0.66514194,0.5486106,2.0760865,0.91741294,0.8176675,2.6735559,1.0805103,1.0033172,0.98388815,2.4978495,1.3176723,1.2413604,0.976546,0.8866918,1.0103369,1.2336836
755,1.0636718,1.2001357,1.4196784,1.1213555,1.7652494,0.94215626,1.4006488,0.7704266,1.5546083,0.5448426,1.042881,1.0086721,0.9867698,1.3156468,1.1796739,0.996377,0.97562814,0.96316457,1.0177971,1.2965479
756,1.0914986,1.560956,1.0339985,1.1121433,1.2347167,1.3518635,1.6846079,0.9108642,1.0311072,0.6328927,0.99641865,1.0017619,0.98219275,2.378118,1.2290802,2.5491776,0.98791033,0.9863675,1.0123878,1.1262449
757,0.9433947,0.8514883,1.7907236,1.5589068,1.884518,1.9075652,0.5980515,0.91153145,1.7605045,0.55137026,1.0772157,0.9962117,1.0395541,0.71454966,1.0612973,2.4714742,1.0156561,1.0194275,1.002204,0.65433437
758,0.7240873,1.5168602,0.52054566,0.6604044,0.90399873,0.5889968,1.8018646,1.907683,1.3616891,0.9639026,0.9430747,1.0169164,1.0416573,1.7104617,1.2103359,2.0409386,1.0201219,1.2221684,0.9771374,0.42107752
759,1.8387055,1.4086621,1.1264935,1.3294516,1.1817182,0.7906198,1.1480774,1.5898939,1.3602626,1.3074365,1.0062437,1.0187224,0.9964974,2.707543,1.104828,1.583647,0.96679014,0.8710192,1.0108627,1.316169
760,1.4521506,0.9242092,1.7785063,1.6264267,0.8083397,1.42229,1.5730782,1.6955072,1.5819654,2.0263093,1.0446947,0.98738664,0.97338927,1.5908166,1.1162819,1.9180758,1.0150702,1.0016215,0.99899286,0.5738634
761,0.9597543,1.305934,1.1716602,1.1872289,1.7001759,1.7133373,0.74729484,1.1994425,1.0840844,1.7054247,1.0639718,0.99431103,1.0447352,0.8446456,1.1865821,2.1804578,1.0162978,1.0747905,0.99417377,0.28469735
762,1.8245089,1.27686,1.3256261,1.2563369,1.0522007,0.9411499,1.0844249,1.7692038,1.4327844,0.80221176,1.0362542,1.0191957,0.99071074,1.234768,1.0716672,1.7118733,0.9629991,0.8803775,1.0199972,1.3558939
763,1.8242579,2.1985753,0.8679355,1.83044,1.2360083,1.6626905,1.6891053,1.9177738,2.0374563,0.73640764,1.030795,1.0077016,0.95564824,2.2456903,1.038089,2.080087,0.96118283,0.7890553,1.0101935,1.6606593
764,0.93624955,1.2339132,1.2520938,1.051341,0.7177874,1.0453814,1.8158574,0.9680661,0.8506634,2.372755,1.0497196,1.0044354,1.0301304,1.9421008,1.2935262,2.1726782,1.0144787,1.0834403,0.98899907,0.30605018
765,1.1404495,1.2435427,1.5158556,0.8588063,1.7645835,0.83451504,1.4709439,1.729887,1.809943,0.91517174,0.99751675,1.0062855,0.9601972,2.6593914,1.1194234,1.8853147,0.97553825,1.0166574,1.0068752,1.267056
766,1.5897753,1.1390038,1.3484297,1.5758231,1.0971643,1.4116479,0.95772934,1.4260203,1.5463258,1.1697365,1.0432911,1.0025046,0.9683298,2.069955,1.08956,2.588134,0.9689745,0.8743001,1.0242743,1.279207
767,0.39585167,0.84665793,0.84517944,1.4230738,1.2077737,1.2359294,1.1706885,1.1866188,1.6774218,1.6346624,1.0186348,0.98474765,1.0402755,0.7122401,1.1835864,0.46366993,1.0401409,1.1620966,0.962768,0.35805327
768,1.3010545,1.4765351,0.8298985,1.3698261,1.5065057,0.8122706,1.7261304,1.1931669,1.6692,2.0308347,1.091695,0.992761,0.9982813,0.58940375,1.224538,0.5081841,0.99251926,0.96947753,0.99153054,1.0038428
769,1.8810127,1.6579916,1.739994,1.0152336,1.4469422,1.4282225,1.3937039,2.1525483,1.6073618,0.40733424,1.0656493,1.0144352,0.9755221,0.79170835,1.0344585,2.978292,0.965382,0.905721,1.02417,1.3250728
770,1.7089512,1.8146167,1.4073539,1.3717089,1.2582686,2.1313396,0.9239313,1.7329417,1.297125,1.0082847,1.0454731,0.99216455,0.9728475,0.825068,1.0686164,1.078489,0.9788748,0.89742815,1.0236883,1.3520181
771,1.0697894,0.41671568,1.763238,1.4683675,1.4639828,0.96938986,0.98566747,1.1221128,1.6919682,1.2984016,1.0436766,1.0020981,1.0269542,1.7777406,1.0941896,2.7116134,1.0135019,1.0206398,0.98761606,0.47623205
772,1.8986845,1.7429988,1.7410703,1.2892168,1.2061187,1.6182674,1.6179876,1.4297754,1.2873082,1.7246996,1.0653088,0.99657446,0.97955406,1.5318629,1.1298057,2.448139,0.988429,0.9173738,1.0234183,0.9236942
773,1.3509173,1.6614556,1.6287241,0.52921313,1.3535398,1.3369316,1.6158116,1.8999966,1.1550508,0.5221008,1.0112728,1.0036016,0.9766671,0.70549667,1.1387261,1.374449,0.98648775,1.0531907,1.0139351,1.169481
774,2.1823688,0.6169999,1.8505025,1.3134544,0.7523566,1.0199963,0.4351219,1.4810563,0.8166763,2.4063592,1.135841,1.0068467,1.0273149,0.8018335,1.120342,0.6902847,0.9737502,0.851013,1.0155236,1.2814469
775,1.7658222,1.6817713,0.6601536,1.6341465,0.9745201,1.4162854,1.020203,1.0107406,1.0545911,1.9856142,1.0235852,0.9999672,0.99447703,2.448832,1.2009704,2.6313064,0.979962,0.90213144,1.0323832,0.8905243
776,1.4988127,1.2763791,1.6575227,1.7782266,1.4167991,1.9030551,1.1321082,1.0204556,1.5967655,1.7963334,1.0643327,0.9792439,0.93494314,2.3433776,1.1184893,1.7975671,0.9758563,0.84139395,1.024362,1.3046267
777,0.9514473,0.8898559,0.72738975,1.1231432,1.1189196,1.0193366,0.6391186,0.8345732,0.80343795,0.8789288,0.99012005,1.0035422,1.0286949,1.0001783,1.2248499,1.263847,0.99883807,1.06066,1.0119853,0.7443946
778,0.59401065,0.8830282,1.1012683,1.2462914,1.2238153,1.3177924,1.0334897,0.7441284,0.9157387,2.0268202,1.0571465,1.002036,1.0554398,2.0549037,1.2646956,2.792483,1.0194732,1.0896387,0.9814769,0.17599279
779,0.6888651,1.1988218,1.3904636,0.3885181,1.7603163,0.79390186,1.0272843,0.70732015,0.99061406,1.9510907,1.0026622,1.0105326,1.057538,2.6272635,1.2940308,1.3332287,1.0150348,1.2396128,1.0127186,0.39490408
780,1.5672319,1.3426809,1.6176398,1.1500742,0.75626254,1.533578,1.3830984,1.7289962,0.8828697,2.3223665,1.088953,0.9987764,1.0071306,0.51360404,1.1925316,1.8431773,1.0044835,1.0218533,1.0095047,0.44090095
781,1.4137664,1.6451936,1.7960691,1.1506169,1.8739953,1.5479072,1.8489212,1.0736041,1.494344,0.24794784,1.0811081,1.0004731,0.9540784,0.9111234,1.1441412,2.2574356,0.96920663,0.8784344,1.0219322,1.4307773
782,0.5486476,1.0073879,0.68044096,1.1088345,1.5250762,0.790971,0.8824254,1.5036594,1.3647517,2.7791853,1.1072268,1.013388,1.0624354,0.8909942,1.256571,2.0977478,1.002194,1.1094334,0.9718761,-0.0068924725
783,0.7812306,0.77953213,1.3843982,1.6354575,0.9104178,1.4279102,1.3164817,0.6014488,1.1895216,2.0456474,1.0803454,0.9982553,1.0468612,1.6865005,1.2208352,2.7152073,1.0239387,1.0264252,0.9812351,0.22239327
784,1.0448146,1.4657128,0.46071368,1.4076445,1.1465756,0.99318,1.4078023,1.1659266,1.4234426,0.36947337,1.0047932,1.0083976,0.9978403,0.9186357,1.1800191,0.44708928,0.9801615,0.94489694,0.99780154,1.37057
785,1.4062886,0.7701469,2.0141666,0.6413624,1.2097334,0.38733906,1.6215699,1.9426504,1.5745796,0.49368206,1.0308505,1.0222979,0.9975597,0.7820734,1.0813518,2.0395312,0.98371243,1.0346999,1.0016682,1.0091279
786,0.775706,0.9447834,1.0600576,1.0053824,1.6570636,0.8667714,0.97032905,0.84573716,1.341458,0.8716563,0.9991725,1.002369,1.0003935,1.6313914,1.2116957,1.0155566,0.99054694,1.0664061,1.0115867,0.96610045
787,0.88734883,0.7361116,0.83188516,1.7853241,0.7674518,1.1097635,1.0366375,1.0159138,1.581385,1.6656508,0.99413973,1.0002708,1.0316944,2.6937294,1.1552663,2.742418,1.019309,1.044411,0.98635334,0.4362524
788,1.3442252,1.4200826,1.6628134,1.0902867,1.5577494,1.2973222,1.6515921,1.1746291,1.3385515,1.4247153,1.0493109,0.99118507,0.98102736,0.9314705,1.1745417,1.2157514,0.99856406,0.99667907,1.0079461,0.85078967
789,1.4838448,1.1163099,1.2482245,1.1529269,0.66335565,1.1734508,1.0921124,0.80106467,0.5998951,1.6714605,1.0201735,1.0014945,1.0129088,1.5348474,1.233865,1.5866894,0.9950877,0.99415755,1.0241759,0.80473113
790,1.0861297,1.3485551,1.1466987,0.83966714,1.2263547,1.161939,1.1836476,0.97075516,0.559814,0.3911189,0.94999105,1.0116681,1.0251608,2.6744003,1.2033138,0.73921204,0.995942,1.0088382,0.99421173,1.2267089
791,1.4802661,1.574754,0.74745697,1.5548006,1.6396948,1.669254,0.5532015,1.5582777,1.4850417,1.2172964,1.0494375,1.0010679,1.0400093,0.51048934,1.0956216,2.616399,1.0025237,0.9944009,1.0096096,0.49976614
792,1.3515041,1.488575,1.3856261,0.79747766,1.9118623,0.9536516,0.8546584,1.163829,1.4884461,1.4279284,1.0686193,1.019677,1.0656607,0.49949992,1.1659257,1.6257954,0.9997555,1.1162634,1.0265775,0.47647682
793,1.1060989,1.0146124,1.3581629,1.7617576,0.6630188,1.6918138,1.6572452,0.3350491,1.0243196,1.3764113,1.0966825,0.9813705,0.9674665,0.8836839,1.2516834,0.5345582,0.99061567,0.8701643,1.007266,1.4176464
794,1.269587,1.1751983,1.8736889,0.9598032,1.2258191,1.3111151,1.6415509,1.2252427,1.147479,0.6293074,1.0436898,1.0051881,1.021402,0.67764795,1.1429311,2.3454652,1.0111206,1.0398085,0.9999139,0.6970123
795,2.039928,1.1469231,1.8178334,0.79369074,1.5281188,0.730612,0.8424802,1.6798961,1.0029151,1.193511,1.0497583,1.019609,1.0022602,1.160657,1.1000516,1.5048882,0.9631916,0.90942544,1.0274806,1.1645955
796,1.387073,1.6158993,1.1777327,0.70653874,1.7287353,1.2144655,0.7361309,1.1841686,0.98209625,2.6087973,1.0599226,0.9993558,1.0479151,2.7512064,1.2420185,0.2697108,0.9969392,1.0754659,1.006359,1.1276286
797,1.0703063,1.0233905,0.75100994,0.8097175,0.8072566,0.9573676,0.66350794,1.4537946,0.69738734,2.7890987,1.037576,0.9963187,1.0432628,1.8211164,1.2730486,0.6262094,1.0054969,1.1255776,0.9927637,0.7212962
798,1.3107681,1.34867,0.96834034,0.776029,1.151808,0.6812815,1.423017,1.3842472,1.0178264,0.66997063,0.98808515,1.0164262,0.9909967,1.7953314,1.2080419,2.079905,0.97387934,1.0135412,1.0190536,1.1398044
799,0.7579984,1.169534,1.3549106,1.5760462,1.718219,2.0456345,0.72434086,1.1391951,1.790277,2.042446,1.0238606,0.97134984,1.0107862,2.0271134,1.1217159,1.1213048,1.0326561,1.102201,0.9897422,0.5060089
800,1.5088174,1.6692488,0.80676657,1.3027878,1.4312295,1.3754493,1.1477848,1.1326183,1.1238399,2.2270145,1.0819505,0.9875165,1.0043744,0.86754,1.2344306,0.76048446,0.99105436,0.96430194,1.0102537,0.98644996
801,1.1674576,0.57933,1.3985116,1.7696807,1.0077167,1.1405519,0.9409099,1.0060238,1.5768532,1.4253359,1.0481895,0.9979734,0.9955635,2.5624633,1.1101613,0.66888297,0.9857232,0.87086296,0.98510695,1.4635742
802,0.8221527,0.671048,1.2039297,1.4847538,1.2782195,1.5559689,0.61588216,0.8049126,1.2441175,1.158537,1.0548189,0.98344505,0.999763,0.5698327,1.1722538,0.38484433,0.9999636,0.9918523,1.0005512,1.0707282
803,0.96587723,0.9672447,1.1190727,1.3771789,1.4615592,1.1018993,1.2326398,1.0291432,1.5610741,1.3829367,1.0627135,0.98829734,0.9764428,0.9939157,1.1909664,0.42655066,0.9864627,0.9640156,0.997582,1.2500174
804,1.1859751,1.0178049,1.0421035,0.88324285,1.5032672,0.98177236,0.49045372,1.6777303,1.1960037,1.2325819,1.0001899,1.0027326,1.0327085,0.40404117,1.1347818,1.0028319,1.0047644,1.1154735,1.0059406,0.53631
805,1.8704841,1.7707644,1.0749252,1.024632,1.6230029,0.70011085,1.4659917,1.5208356,1.2435253,2.7851567,1.0759118,1.0073138,0.9949565,1.9731401,1.227916,2.173108,0.9731592,0.9505284,1.0194091,0.7031055
806,1.1368985,1.2424974,0.8280263,1.4642951,1.6997687,1.411363,0.5641385,1.1131824,1.5810518,2.2323387,1.0452825,0.98504853,0.98067975,2.7091126,1.1873738,0.9969424,0.9806471,0.9711512,1.0138248,1.2350492
807,1.092736,1.6559489,1.4067037,1.3982732,1.5916084,2.1461623,1.2826631,0.91983944,1.1066501,2.2473025,1.0347118,0.97755146,1.005653,2.8153334,1.2080137,2.6897643,1.0236087,1.0381036,0.9979816,0.41374475
808,1.3836575,1.1874514,1.6044648,0.9751123,1.2464174,1.2653834,1.1800591,1.0917051,0.8135213,1.7776603,1.0256621,0.9955601,1.0014246,2.6814365,1.1995429,0.83680964,0.9936721,0.97526765,0.9998418,1.1984053
809,1.5240991,1.6943035,1.5170023,1.0674813,1.5384934,1.3517355,1.4471165,1.8378903,1.417725,2.4830153,1.1038997,1.0057766,1.0189017,1.2983364,1.1582514,2.8170023,0.995718,1.00801,0.9990285,0.39190102
810,0.82280475,0.8091093,1.5247266,1.1959827,0.8828764,1.3649076,1.213995,1.944085,1.6749718,1.5880623,0.96276885,0.9921883,1.0089064,2.8490129,1.0889413,2.3247263,1.0329562,1.1626955,0.9763647,0.4585585
811,1.275157,1.1758871,0.94444615,1.2661352,1.473314,1.3445911,0.77270526,0.675584,0.80816555,0.52032685,1.0161495,1.0067376,0.984555,2.5718188,1.2139075,3.0517774,0.9640608,0.89750004,1.0320634,1.3193974
812,1.3854454,1.2928255,1.1264298,1.5858836,0.6598707,1.880015,1.0209087,0.9159387,0.61498904,0.84421194,1.0154246,0.99671614,0.9923667,1.9290167,1.1858485,0.9029745,0.9886636,0.88514733,1.0120397,1.381187
813,1.1379268,0.89373356,1.5141032,1.6503544,0.7469747,1.3796681,1.6839287,1.8408685,1.4382277,2.6207833,1.1058592,0.99490124,0.9858127,1.2856604,1.1955873,2.4340522,1.0111967,1.0115818,0.985229,0.28793672
814,1.5049264,1.0796201,1.2269554,1.5454977,0.8153899,1.3061873,0.9054696,1.0952023,1.0832863,1.2420423,1.0125455,1.0063907,1.0030547,2.6468487,1.1288505,1.2344046,0.9809321,0.8788891,1.0063807,1.3545866
815,1.6244569,1.8426187,0.86378765,1.6980319,1.872547,1.7617921,0.725375,1.1954062,1.8646759,2.4724784,1.129443,0.9862008,0.9875519,1.4788948,1.1571457,0.7854543,0.970463,0.8816108,1.0260227,1.4045718
816,1.5375531,1.3455076,1.4794717,1.4704666,1.8815864,1.2522005,0.8715202,1.127319,2.115394,2.7478466,1.156041,0.9946098,1.004532,1.7222949,1.1470613,0.578231,0.97548467,0.93126523,1.0190009,1.3709402
817,0.96618825,0.6959273,0.65937984,1.777991,0.7851114,0.9809789,0.6636344,1.0606728,1.3908778,2.0955374,1.0860851,1.013083,1.0655222,0.74084175,1.1838629,2.4146695,1.0043464,1.0044909,0.98936224,0.22515234
818,1.0707726,1.5766792,1.269608,1.4990472,1.1159718,1.8665656,1.5533451,0.67734826,0.9597471,2.4418566,1.1056073,0.9880416,1.0329703,0.7404953,1.262363,1.845118,1.02094,1.0107483,0.9942085,0.250059
819,0.8800426,1.1955445,0.886826,0.930568,0.98622775,0.7609233,1.5474479,1.5055557,1.3049397,0.9230341,0.9786129,1.0140396,1.0434251,1.5609039,1.1873213,2.3728771,1.0176852,1.1460412,0.98429227,0.4487245
820,1.5538883,1.137078,1.2822073,1.6357,0.69793284,1.4008342,1.5138075,1.6005403,1.0937144,1.9601501,1.0555639,0.9915798,0.9657559,2.5824122,1.1878743,0.6592436,0.9887194,0.8844516,0.9921747,1.431232
821,1.3431158,1.0482967,0.6119325,1.6774898,0.58610094,1.6255046,0.5256951,1.0536253,0.7045877,1.4098164,1.0109075,0.9975516,1.0261859,1.2754178,1.2028615,2.225392,1.0060387,1.0018702,1.0202231,0.580696
822,1.3732052,1.3791354,1.3693707,1.6272109,0.8158506,1.724835,1.6794043,1.7216743,1.5624804,1.2182561,1.0414274,0.9901985,0.96833426,0.9605185,1.1199033,1.9081087,1.0048958,0.97608554,1.0042456,0.8671551
823,0.7010303,1.7834914,1.291991,0.9366495,1.9086603,1.6209518,1.7832435,1.548608,1.6993229,0.9986341,1.0028875,0.995897,1.0311599,2.0162225,1.1564547,2.80464,1.0344496,1.1743859,0.9758084,0.3512777
824,0.9378372,1.4052985,0.63777524,1.5792961,0.66528803,1.7459897,1.2291075,0.6722867,0.9544384,0.9625821,0.998698,0.9916391,1.0155777,1.1715943,1.2252337,1.5119569,1.01225,1.0203574,1.0071604,0.79104114
825,0.7854057,0.632361,1.171694,1.4038045,0.68987983,0.742336,1.5457728,1.1962178,1.689656,1.3597907,1.0090433,0.9979503,1.0022504,1.4015216,1.1653981,0.8235717,1.0111381,1.0613372,0.9818166,0.8418444
826,0.8901593,0.9608534,1.3456917,1.1359358,1.5470508,1.0564951,1.2001376,1.0976448,1.2605402,1.9666153,1.0346411,1.0020164,1.0263802,2.7386045,1.2099501,2.964978,1.0099174,1.0686556,0.98719233,0.36992103
827,1.5069952,1.157047,0.85072964,1.4696138,1.1572675,0.7359504,0.9943875,0.8016737,0.9125873,3.0636911,1.1479717,1.0166819,1.0441734,1.0672101,1.2885712,2.554394,0.9749378,0.9067044,1.0119082,0.3651873
828,1.8626235,1.2464004,1.8830986,1.260421,1.179793,1.0745987,1.531436,1.6834612,1.6150947,2.40521,1.1163976,0.9955497,1.0037479,0.36430538,1.1118917,1.0960982,0.9981532,0.9573237,1.0019038,0.80650395
829,0.5741839,0.6933761,1.6050148,0.7420462,1.5914508,1.0670193,0.93427384,1.9267251,1.7247121,0.99816096,0.9677269,0.99315065,1.0122675,1.3897163,1.0877187,0.87893164,1.0260781,1.2137235,0.97694135,0.56082857
830,0.58494216,1.0836804,1.6794887,1.3208017,0.9468399,1.5561143,1.9364141,0.94035393,1.3085262,2.269186,1.0700285,0.99285865,1.0331517,2.1077914,1.2311703,2.6025627,1.036372,1.1002012,0.96614563,0.15487182
831,0.981324,1.172744,1.5919797,1.2102121,0.85312647,2.1713197,0.9375553,1.2230572,0.9192786,1.2681007,0.9981042,0.9850272,1.0377668,1.5691625,1.1362327,2.1286526,1.0399286,1.1252537,0.99406636,0.42162573
832,0.8749309,1.4081504,1.0054777,1.1833078,1.62856,1.041015,1.7555907,0.9374175,1.4086797,1.0141076,1.0194994,0.99885255,1.0269716,0.9150454,1.2182977,1.8281109,1.0203803,1.0844256,0.98631626,0.41974026
833,1.9023993,1.3382897,1.3228836,0.81627357,0.61581874,0.86563915,1.2679288,1.8533355,0.4232211,0.6573305,0.994066,1.0261536,1.0130503,1.3747445,1.1650263,1.11482,0.97817534,0.9553044,1.0164068,1.2046945
834,1.1378429,0.9660863,1.1853535,1.6302807,0.62684035,1.3787717,1.5605462,0.8520607,0.7202449,1.8234361,1.1251943,1.0087342,1.0367832,0.45811808,1.2815349,3.0480812,1.0077457,0.9690683,0.997342,0.25752047
835,1.572808,1.1962838,1.622937,0.68397486,0.9803715,0.79732007,1.4191029,1.5092025,0.93369687,1.3157755,1.0095983,1.0099261,0.98316497,1.6942928,1.180398,1.6359909,0.97889286,1.0114331,1.023059,1.0676513
836,1.7765381,1.5082116,1.9210036,1.0605402,1.4430553,1.2709244,1.50736,1.4745213,1.1561155,1.3629096,1.042525,1.0056697,0.99615264,2.382739,1.1107103,0.9599459,0.9840207,0.8920815,0.99776715,1.3562629
837,1.0279503,1.4627464,0.8462036,1.2091161,1.0897619,1.4451526,1.1222525,1.2250414,1.0289799,2.534801,1.0268177,0.9912731,1.0233239,2.1168962,1.2452548,1.6862454,1.0134748,1.0843337,0.9956921,0.42306307
838,1.6619236,1.1614344,1.452817,1.4469745,1.4693635,0.8037619,1.4914024,0.7308523,1.2429706,0.64006233,1.0882902,1.0143952,0.9949893,0.63032806,1.1617217,0.91278195,0.96376777,0.7996875,1.0122291,1.4398816
839,1.5633812,0.8467012,0.9623925,1.4792205,0.8770482,0.80010194,0.60782415,1.559692,1.4483255,0.84708464,1.0144193,1.0188328,0.9982745,1.6297735,1.0810338,1.6471455,0.96335447,0.8918444,1.0182008,1.3230798
840,1.4382427,1.0543244,1.4526184,1.4943308,0.88891864,1.5738357,1.0589465,1.0328227,1.1364567,0.52164197,1.0553578,1.0078932,1.0149934,0.998417,1.1178235,2.9100242,0.9902731,0.92143834,1.0168079,0.99738365
841,0.92414933,0.8725727,1.3155022,1.2560205,0.8732179,1.2887746,1.1981465,1.2425357,1.3358461,1.5798078,1.0171299,0.9882348,0.9828837,2.1257775,1.1739063,0.5511526,0.99891716,1.018377,0.99191755,1.2316432
842,1.6635532,1.8212926,1.0225146,1.2265762,1.0122105,1.718422,1.0029566,1.8805183,1.2098902,1.4254156,1.039178,0.9978387,1.0021738,1.0065314,1.1106409,0.5632416,0.98610044,0.95082295,1.0079918,1.3110812
843,1.0618811,0.8248339,1.4507806,1.2205696,0.7014775,1.4542853,0.94715935,1.018502,0.45389843,2.9108605,1.1058927,1.0034946,1.036989,1.9291767,1.2898527,2.8283064,1.0042567,1.0282826,0.99998313,0.21302265
844,1.3372829,1.0829983,1.7841651,1.2123318,1.335972,1.1189443,1.6210209,1.1827614,1.5074944,1.2952269,1.0558413,0.9941444,0.95330584,1.3904527,1.1526852,1.1665281,0.97915965,0.9290739,1.0121741,1.2546794
845,1.3039653,1.5986769,1.0108564,0.76713634,1.7063644,0.8271012,1.3082045,1.510882,1.4284147,1.9767255,1.0650721,1.0004427,1.0234199,0.6634637,1.217649,0.36204633,0.9965451,1.08907,1.0031079,0.88357186
846,0.8897384,1.0487905,0.74233526,1.0936377,0.6020509,0.876852,1.720659,1.582009,0.9789169,0.70891774,0.9524443,1.0095701,1.0053741,2.3062663,1.2384977,2.779519,1.0142943,1.1262057,0.99276465,0.6118545
847,0.46386486,0.85792464,1.1487076,1.3059518,0.5882939,1.409007,1.7268939,0.72612995,0.95767933,1.3008748,0.9570652,0.9824128,0.9888302,2.4971933,1.2710178,1.1865715,1.0322361,1.1289532,0.9857841,0.6415318
848,0.63811153,1.2000229,0.9034378,0.81444305,1.5461701,1.5654669,0.629296,1.5967252,1.0653133,0.74518716,0.9424881,0.99867237,1.0483441,2.487524,1.1548616,2.8200765,1.0289983,1.2067485,0.9857348,0.41069824
849,0.70171744,1.4977903,0.7973574,0.90039796,1.8507422,1.4221271,0.42271823,1.2639443,1.3066958,2.6550462,1.0257887,1.0038105,1.0580812,3.0302439,1.237957,2.250167,1.0106907,1.1907594,1.0053611,0.23414087
850,1.6933331,1.2995572,1.4658937,0.7990445,1.7127322,1.2298778,0.60168666,1.0590034,0.58209825,1.386755,1.04191,1.0068579,1.0277709,1.3124994,1.196128,2.4018552,0.98672664,1.0025961,1.0331347,0.6915878
851,0.9541181,1.358443,0.9732749,1.1494906,0.71672106,1.0027939,1.8421938,0.9412824,0.877933,2.076438,1.0625626,1.0124599,1.0456221,1.5809205,1.2968327,2.678829,1.0107602,1.0625614,0.98849297,0.27772188
852,0.8546453,1.2778518,1.7423778,0.8048771,1.3297299,1.9770013,1.1318216,1.611749,1.1423631,0.787495,0.96791863,0.9846517,0.95961326,2.9179568,1.1297035,1.7828228,0.9998888,1.0737277,1.0036412,1.2505019
853,0.86357814,1.2179394,1.5985866,0.86923707,1.8978225,0.7711908,1.5786159,0.8435219,1.584327,1.5772947,1.0758655,1.0173717,1.057387,1.5902523,1.2215718,2.4558556,1.0114057,1.1233381,0.9969415,0.32213667
854,1.9050608,1.629924,1.1470857,1.3309526,1.5641816,0.7304496,1.6052132,1.3530525,1.4220234,2.373664,1.1042099,1.0047505,1.0063233,2.1116982,1.1883416,0.6067872,0.973324,0.84588873,0.9913602,1.4144068
855,1.6016881,1.1127272,0.66718626,1.7480721,0.536796,0.7436494,1.8314533,1.9382399,1.2353913,1.7429861,1.0449957,1.0038815,0.9526167,2.268385,1.2250394,0.6570363,0.976415,0.87264687,0.9913998,1.4559295
856,1.6950545,1.8020296,1.720819,0.8697375,1.7409939,1.9169542,0.90882295,1.2933294,0.9115036,2.3076704,1.0728518,0.98377794,0.9851594,1.9370775,1.190525,1.0802422,0.98685473,0.9851676,1.0301124,1.1306329
857,0.9825221,1.6801805,1.4240379,0.75923187,1.83154,1.3811349,1.554622,0.6405401,1.0978783,0.78911626,1.0264288,1.0014197,1.0061978,1.5289284,1.249282,1.4736115,0.9972957,1.0737876,1.022269,0.9527175
858,1.5258398,1.9432883,1.038485,1.5835874,1.362381,1.6855127,1.5886272,1.1016641,1.3166595,1.104725,1.0292085,0.9969915,0.97860926,2.3646483,1.1546175,1.0579915,0.980131,0.8472048,1.0034035,1.4721406
859,1.4582591,1.9712918,0.7832312,1.1887136,2.0641646,0.81143445,1.5482185,0.5513849,1.5658073,0.78861964,1.0692089,1.0262759,1.041641,1.3104128,1.2330759,2.883825,0.97835034,0.97923994,1.034932,0.8171081
860,1.0934768,1.4190092,1.5921474,0.62523705,0.75411636,1.6214312,1.5264623,1.7807918,0.71231127,2.67653,1.0358136,0.98198944,1.007859,1.747454,1.2488976,0.665534,1.0262365,1.166801,0.9872145,0.6378497
861,0.9092373,1.6769438,1.1694486,0.6680678,1.0805616,1.3234953,1.8519945,1.5145775,1.10481,0.75514925,0.96865547,0.9944463,0.9730996,1.3361042,1.2132967,0.7296355,1.0011282,1.1087278,1.00307,1.0782726
862,1.0170784,0.74943155,1.0293367,1.0015049,0.84848356,0.9285354,0.52744275,1.6908407,1.0675781,2.1353662,0.99689746,1.0122099,1.0430743,2.8573918,1.1702838,2.8141856,1.0035402,1.1158507,0.9952378,0.40883943
863,0.8128515,1.1660779,1.0009124,1.34608,0.5685332,1.7582842,1.6237371,0.87080014,0.59250844,0.8315238,0.98036647,0.98607457,0.9653089,2.161674,1.2862287,1.7930014,1.0085407,1.0375645,1.0092164,0.9761127
864,0.2991845,0.78900176,1.4353821,0.8048919,1.3846786,1.7540593,0.89841133,0.6332452,0.5970856,0.61311615,0.9532583,0.98525435,1.0340142,2.3584404,1.2372013,1.8980691,1.0389336,1.1963564,0.9855828,0.51161575
865,1.8950481,1.6925511,0.5766576,1.0688252,1.6889602,0.80571336,0.74337536,0.87708527,0.6337348,2.167037,1.0148776,1.0069468,0.9929791,2.6773844,1.2781783,2.3571007,0.9607734,0.9212804,1.0477446,0.89383906
866,1.0282428,0.6920356,1.2281454,1.3526578,0.6058029,0.99337023,1.3896418,0.86747843,1.0058961,0.7965778,1.013486,1.0035588,0.9943907,1.2292002,1.2117877,1.5740494,0.9965401,0.99766153,1.0079563,0.9485219
867,1.8023992,1.0563672,1.5517104,1.3470819,0.7347559,1.542471,0.99669486,2.035796,0.9803194,1.9327751,1.028654,0.9909265,0.93291223,2.1300578,1.1475991,1.950494,0.9769435,0.9395455,1.0336512,1.101496
868,0.6763875,1.4699502,0.63019,1.2333481,0.9719583,1.2306741,1.7539241,1.3173877,1.4663715,2.670529,1.0311412,0.97943175,1.0206715,1.9551939,1.2705202,0.3457406,1.0315216,1.142893,0.9639107,0.65480685
869,1.6080785,1.1384201,1.3652444,1.0709159,1.2366527,1.2015198,0.66145647,0.9431568,0.5292722,2.6328657,1.0563775,1.0049976,1.0213081,2.8224416,1.245471,2.982227,0.98452646,0.9722426,1.0257804,0.55079746
870,1.7565756,0.8056472,1.8693287,1.1582901,0.95791733,0.956809,1.013711,1.8881129,1.4571071,1.0429233,1.0295703,1.015974,0.9683143,2.6193366,1.0530541,2.8883152,0.9622171,0.8978295,1.0219482,1.3759973
871,0.96939486,1.2433071,0.97827667,0.8157026,1.0423353,0.9674124,1.2792807,1.0915847,0.70827645,2.6550882,1.0313466,0.99737054,1.0278716,2.3124046,1.3099593,1.373333,1.0079206,1.1114222,0.9934062,0.52471584
872,0.67657465,0.88400275,1.6969104,0.675746,0.82634497,1.3391298,1.4345281,1.1162813,0.80315363,0.5888816,0.96738195,0.99380696,0.9908025,1.5881425,1.2013731,0.4186943,1.010863,1.1169566,0.99532783,1.08448
873,1.1058884,1.8193293,0.33863837,1.407619,1.0270528,1.4920243,1.4240427,1.3221737,1.365162,0.37691465,0.9788879,1.0044456,0.96898705,2.309236,1.1854804,2.502486,0.97261006,0.9484395,1.0176009,1.4025021
874,1.1497252,1.6484597,1.7638149,0.6242406,1.6018358,1.501886,1.5240799,1.793427,1.0699804,2.540375,1.0708044,0.99843407,1.0174174,1.964948,1.2072691,2.5204546,1.0098469,1.1101913,0.9901473,0.31599522
875,1.2463319,1.2869642,1.4278934,1.1576474,1.4714531,0.8995494,1.7854323,1.1344544,1.4488636,2.2273247,1.067852,0.99303246,1.0047139,1.3478802,1.2185106,1.2288648,1.0078954,1.0282813,0.9904069,0.6215457
876,1.400392,1.3170006,1.4052525,1.3473027,0.675027,1.4006797,1.9704114,1.5802732,1.1420294,1.4420303,1.0700288,0.99000365,0.9558396,0.8564316,1.2085108,0.3677794,0.9913198,0.9407808,0.9993666,1.3581114
877,1.3739772,0.7295862,1.5367391,0.98085874,1.1930234,0.727966,0.8412735,1.6462101,1.3344078,1.7506114,0.99853706,1.0067182,1.0133737,2.2446103,1.1200805,2.1241047,0.99918145,1.0661653,1.0049994,0.62406504
878,0.94287735,0.82753617,1.5096247,0.9676786,1.2764789,1.2470201,0.83829087,1.7577698,1.4560729,2.3329594,0.99132586,0.98257595,0.9983247,2.701066,1.1387403,0.94611967,1.0183529,1.1394918,0.9854683,0.7053946
879,0.6661326,1.5478318,1.1419039,1.1236553,1.4845855,1.50638,1.7294207,1.3181053,1.4723694,2.5214837,1.0239534,0.97882557,1.0056523,2.316774,1.2390509,1.2359062,1.0312598,1.1420779,0.9717916,0.39183524
880,1.6529205,1.1434829,0.48859185,1.5789137,0.7091144,0.7849919,0.89555514,1.4030313,1.2923089,0.51337993,1.0326803,1.0260398,1.0115397,0.8825158,1.1373589,2.8403523,0.96268904,0.8883791,1.0283985,1.1371086
881,0.7184679,1.005579,1.5042598,0.799853,1.615986,0.9561326,1.4053819,1.4857516,1.368468,1.5261549,1.0522807,1.0048724,1.0404894,0.77104914,1.1882019,1.8317945,1.0195246,1.1457332,0.97530705,0.2551831
882,1.7843041,1.3191533,1.9125621,0.8708904,1.7385757,1.1714987,0.9281902,1.4354581,1.2438245,1.3014606,1.074337,1.0073091,0.9914255,0.8565053,1.1162767,1.1829734,0.9704219,0.9417705,1.0325078,1.179724
883,1.4548063,1.4737635,1.7540944,0.6891114,1.7404779,1.0248584,1.416884,1.0196763,1.2013535,2.6942184,1.1073272,0.9949389,1.0267186,1.5277809,1.2518096,0.5705012,1.0017036,1.0727019,1.0104415,0.8856366
884,0.5823609,1.1462517,1.1540883,1.2627306,1.5879166,1.6532058,1.1064217,1.1942142,1.4543469,2.520509,1.0331246,0.97071713,1.0149479,2.0948653,1.2143853,0.7207532,1.0349929,1.1390833,0.96995646,0.47975233
885,1.1550965,1.4876039,1.578512,1.1340908,1.0585505,1.3783666,1.8875031,0.99761206,0.93558013,2.4422295,1.1319122,1.0070312,1.0425671,0.8334311,1.2662195,2.6966474,1.0094564,1.0162736,0.98961926,0.21273708
886,1.0432687,1.1951509,1.1673236,1.3278146,1.5582286,0.9215743,1.7767907,0.35700548,1.1819149,1.1143769,1.0256113,0.997394,0.9775586,2.2400212,1.2670044,2.0163162,0.9879846,0.9468276,1.0091648,0.97386307
887,1.6066887,1.1614103,1.9443488,1.8721321,1.3629658,1.5073901,1.4542626,1.0657537,1.6541252,3.0431457,1.2111837,1.0008906,1.0250334,0.3261553,1.1475773,2.84665,0.9954889,0.85795605,0.9963121,0.253394
888,1.5147672,0.90499073,0.825535,1.3808153,0.9558474,0.86564153,0.40353185,1.5625458,1.2210741,2.133431,1.0093355,1.0064939,1.0183063,3.1084318,1.1364293,1.0547043,0.9800423,0.94730276,0.99988,1.2291743
889,1.3481979,1.4086711,0.64138716,1.291563,1.7772046,0.75490874,0.7916774,0.75900865,1.3422279,0.8560263,1.031429,1.0197734,1.0211172,1.7735888,1.1972103,1.0635667,0.96470726,0.9235393,1.0249164,1.2894151
890,0.670664,0.9992655,1.5353427,1.021065,1.5195615,1.1130153,1.705159,0.8774449,1.3342023,1.7869834,0.9940991,0.98156154,0.9879275,2.583372,1.2356716,1.0642352,1.023155,1.1136321,0.98224056,0.6514003
891,0.86026376,1.0737736,1.1636181,1.307701,1.7224596,0.85135645,1.5655966,1.5706165,2.131841,0.76765716,1.0001966,1.0001792,0.9653743,2.2114735,1.1113901,2.0072622,0.9885049,1.0089945,0.989344,1.0711808
892,1.3993139,1.9842238,0.8624391,1.2639818,1.2334411,1.855203,1.0803573,1.6432446,1.1192497,2.406765,1.0694686,0.99580824,1.0300469,0.9236125,1.1903043,2.123985,1.0063568,1.0386226,1.0054548,0.35782033
893,1.4438875,1.5870368,1.5591996,1.0148308,1.246415,1.2178632,1.9517751,1.0130258,1.056982,2.06554,1.0565606,0.9896647,0.99024314,1.4971517,1.2438072,1.1797158,1.0037909,1.0075634,1.0049391,0.8353001
894,1.1853471,1.405982,1.2725592,1.4600247,0.81499743,1.6956741,1.498438,1.0684416,1.0764462,1.6785284,1.0691227,1.0000625,1.0406514,0.9878355,1.1947317,2.6721761,1.0201528,1.0252829,0.99470943,0.35550672
895,0.809733,1.1400468,0.90038747,1.5263103,1.1868265,1.2821497,1.2670088,1.3408056,1.7370461,0.6367408,0.96347237,0.9981604,0.968366,3.0316734,1.1190997,1.2346408,0.9869073,0.96301013,0.9895371,1.4036338
896,1.3035061,0.9666162,1.8147597,0.9377073,0.81035537,1.0933899,1.5849261,1.2270495,1.022271,2.1433642,1.0661306,0.9910238,0.997007,1.7448493,1.2103736,0.3811268,1.0011994,1.012253,0.9917608,1.1872444
897,1.245961,1.0263159,0.668033,1.6209221,1.1378988,0.9270815,0.984245,0.75951475,1.3031592,1.7540411,1.024129,0.99708956,0.97730035,2.4359088,1.2238849,1.5598623,0.9739238,0.9118507,1.0178351,1.1547045
898,0.75083214,0.9563803,0.7836599,1.3417513,1.0793604,0.93478817,1.1760025,1.5323144,1.6739695,0.89172614,1.0204655,1.0123079,1.059776,0.4994067,1.1330682,2.2156026,1.0218346,1.1179662,0.975333,0.30810082
899,1.60638,1.2672105,1.0186589,1.5220479,1.5306715,0.8491122,1.0316967,1.0021174,1.2697537,0.9455223,1.0113374,1.0160968,0.9992839,2.8688965,1.1373713,1.4391768,0.96531016,0.8259665,1.0069331,1.4014761
900,1.2254128,1.2772229,1.550142,1.1076076,1.4605187,0.67321724,1.9382411,1.6721114,1.7657254,2.1265535,1.10286,1.0150541,1.023626,1.1069158,1.1676815,2.7224832,0.99937415,1.0250655,0.9812754,0.34015027
901,1.3179688,1.3435421,1.4922807,1.9073195,0.94928,2.1057835,1.3270888,0.86724854,1.4495914,2.5412116,1.0535573,0.9713769,0.98741394,2.4219942,1.1574386,1.7815869,1.0205144,0.95782065,1.0005012,0.68114257
902,1.7504368,1.4105306,1.0918353,1.5187223,0.6788634,1.6488153,1.0053763,1.2422067,0.62224376,1.3150294,1.027807,1.0013387,0.98718154,2.0150113,1.1837379,1.2415242,0.978875,0.8680059,1.0216311,1.3295617
903,1.7126877,1.3529205,1.688967,1.2697343,1.0214993,1.4738756,1.3249367,1.3091352,1.1553677,2.3352377,1.0649117,0.98901343,0.9709741,2.3739133,1.1672615,1.3382049,0.983734,0.9151337,1.0153319,1.2331426
904,1.4868627,1.3046999,1.6351917,1.1448436,1.5970662,1.3605577,0.97650963,1.6970006,1.3629053,0.6129396,1.0291349,1.007962,1.0108207,1.4778098,1.0518801,0.36642972,0.985337,0.9160391,0.98932487,1.4176528
905,1.5399151,0.9832879,1.1003556,1.1879332,1.2410797,0.68877214,0.7847078,1.4124893,1.2124999,0.2750825,1.0256481,1.0242074,1.0166832,0.62267387,1.1024752,0.97586656,0.9660859,0.90298915,1.0127778,1.3196683
906,0.80965906,0.8082076,1.0560291,1.1372372,0.88011944,1.0462679,0.96706027,1.2620564,1.1605867,0.5214385,0.94590485,1.0070597,1.0005883,2.787435,1.1486142,1.1061878,0.9932383,1.0296644,0.99267274,1.251523
907,1.7726183,1.767066,0.8736338,0.89574367,1.6910518,0.69100183,1.2681581,1.9789058,1.5002303,2.008585,1.0787799,1.0062852,1.0050248,0.71222174,1.1681174,0.39998886,0.97278947,0.9710658,1.0044396,1.2208683
908,1.2679756,1.1321781,0.7720066,1.5746841,1.0137161,0.9947776,1.1906419,0.49482852,0.96834636,2.7451317,1.0523947,0.9942882,1.0165919,2.6609092,1.292997,1.9195433,0.9981568,0.9655934,1.0058576,0.6273902
909,1.4009497,1.281019,0.8558231,1.4216802,1.5456163,0.84757656,1.179393,0.76142365,1.2103735,1.421873,1.0098733,1.0035684,0.9694718,2.9627857,1.2207127,1.8516617,0.9650135,0.8807873,1.0214754,1.2456434
910,1.3517072,1.7480972,0.535683,1.0381718,1.700577,1.3023099,0.69983035,0.9470304,0.9034219,2.7002084,1.0294485,0.98904914,1.0088553,2.9306211,1.293149,1.1811333,0.98738533,1.0354642,1.0232303,0.9612405
911,1.6001496,1.0452147,1.4364789,1.5880308,1.169387,1.696921,0.5923664,0.5251411,0.7188201,2.5751166,1.0831094,0.9856813,1.0181944,1.79123,1.2171363,1.9015176,1.0002217,0.92667484,1.022609,0.628748
912,1.0414989,1.7388465,0.49575537,1.163266,1.7146262,1.7960683,0.6580682,1.0615901,0.78362644,0.8959892,1.0300977,1.0025562,1.0632902,0.75666404,1.2181923,2.8405063,1.0119387,1.0723288,1.0051639,0.36625448
913,1.7175646,1.4044354,1.6084228,0.8908393,1.400963,1.3231059,1.0123688,1.0895305,0.609007,2.1768944,1.0310874,0.99961984,1.0055736,2.7091784,1.2187414,2.7499697,0.99102014,0.9944106,1.027269,0.6670922
914,1.5162494,1.1898651,1.59707,1.3288667,0.86823654,1.6273865,1.1098536,1.6382521,1.2084721,2.1137903,1.0091952,0.98857015,0.9757036,2.723709,1.1325886,2.2193036,1.0024227,1.008139,1.013703,0.7887537
915,1.1585577,1.698473,0.5372026,1.2357047,1.6607112,1.3009266,0.9573619,1.1426166,1.0258117,2.1666832,1.0772792,1.0038369,1.0420327,0.81159055,1.257856,2.1619155,0.9967266,1.0266411,1.0038615,0.304157
916,0.7158713,0.8610948,0.97573894,1.3753712,1.3753256,1.0446919,1.0759151,1.3671147,1.7116455,1.3746659,0.9784364,0.99936175,1.0271657,2.7378507,1.1399955,2.6912568,1.0217817,1.1121722,0.9781393,0.41747522
917,1.4228334,1.2374399,0.73651,1.3953621,1.5638462,0.65924925,1.1467209,0.7396723,1.1835524,1.990162,1.0546741,1.0036572,1.0177414,1.3450564,1.2501115,1.715368,0.98774433,0.96018463,1.012774,0.62165105
918,1.4100733,1.6749299,1.0680819,1.237582,1.0365387,1.582791,1.4007275,1.2066905,1.0420454,2.4955096,1.032214,0.9822686,0.97529995,2.9189844,1.2365111,1.091394,0.9927337,0.97528666,1.0075629,1.1958807
919,1.0517485,0.9615026,0.79076755,1.2001913,0.64393944,0.83479637,1.3119943,1.5299096,0.8610079,2.1352744,1.0266986,1.0132341,1.017753,2.525919,1.2714618,3.0684857,0.9990411,1.0663525,0.99694324,0.39309362
920,1.7816834,1.3852491,0.8806286,1.8330884,1.5410448,1.2070433,0.8731997,1.1793704,1.6585481,2.349663,1.0936569,0.99326307,0.9934779,1.2538632,1.1469363,1.6939285,0.9785901,0.8658888,1.0184009,0.90061694
921,1.5227509,1.8268356,1.2390399,1.691102,1.976343,1.7832786,0.8804495,0.88069934,1.8298664,2.4816825,1.1078509,0.99553627,1.0327731,1.4425439,1.1501589,2.1536226,1.0021315,0.98031324,1.025761,0.44265234
922,1.0402377,0.95924693,1.4655302,1.1217706,1.2148086,0.6666605,1.7739649,1.5648218,1.8448488,0.8361305,1.0178761,1.0061326,0.99104905,0.88489306,1.1203598,1.3467957,0.9997907,1.0448579,0.9897519,0.8645256
923,1.4988301,1.4980226,0.96371955,1.5459943,0.96501267,1.3068694,1.4114617,1.0255415,1.2393651,1.5132662,1.0402224,1.0024117,1.0259857,1.0606037,1.1793672,2.3135095,1.0059528,0.9792276,1.0097104,0.55787873
924,0.8659249,1.2477784,1.6972785,1.2755651,1.3616468,1.976504,1.3264756,1.1349777,1.2849799,0.9521723,1.0119764,0.980854,0.97616047,2.2968245,1.1347195,0.34030846,1.0060694,0.9818234,0.98462105,1.3732474
925,1.7240851,1.5654569,1.3624208,1.3754591,0.9347681,1.3016504,1.7052875,0.90818936,0.9460851,2.4693432,1.0933475,0.99315745,1.0034897,2.3651142,1.2371414,0.6755507,0.9891462,0.8754889,0.9964321,1.3674421
926,1.2274065,1.4415886,0.81941813,1.0334995,0.6709939,1.5355438,1.0487338,1.7538351,0.7442504,0.21460512,0.9635147,1.0091317,0.9931666,1.6861601,1.1632968,1.4805139,0.98591006,1.0125551,1.0122812,1.3095503
927,1.5525379,1.269022,1.526331,1.5878651,1.2766658,1.8267547,0.81938964,1.3177701,1.4101567,2.0955296,1.0433695,0.9840298,0.9837989,2.0339537,1.1075981,1.9682653,0.99844974,0.9495144,1.0168483,0.7979973
928,0.9988908,0.882438,2.0020251,1.4957771,1.7484175,1.3593162,1.6341293,0.5676738,1.707811,1.0562233,1.0754265,0.9902157,0.98594844,1.3597041,1.1506981,1.823847,1.0046815,0.95790386,0.99908644,0.85490817
929,1.503828,0.83403665,1.3207943,1.7248509,0.7921091,1.2350544,0.91492134,1.8906163,1.7907323,1.7898217,1.0441895,0.9978916,1.0064398,0.6984407,1.056644,1.7033606,1.0079567,1.000936,1.0012603,0.5468694
930,0.80015427,1.1236954,1.1867385,0.5784707,1.3383921,1.1386517,0.96080464,1.4215766,0.71966004,1.4549998,1.0010544,1.0100926,1.0516937,2.2139554,1.2317513,2.8115172,1.013726,1.1681978,0.9905283,0.34700364
931,1.0906291,0.8206728,0.68690234,1.2625532,0.5274173,0.68331856,1.4495796,1.6498156,1.1429303,2.3378835,1.0334038,0.9915378,0.9799479,1.825883,1.2740952,0.4030554,0.9980715,1.0544914,0.9902151,1.0542893
932,0.82540125,1.1791432,1.6552916,0.5191524,1.0233303,1.9910439,0.77428037,1.5783194,0.55950415,1.0265721,0.9433677,0.9892517,1.0267432,2.5605679,1.1629881,2.1460721,1.0319222,1.212503,0.997705,0.6016778
933,0.6493295,1.5181205,1.0401356,1.2002485,0.7310677,1.7728578,1.7487857,1.8611615,1.3125762,2.226226,1.0381947,0.9853108,1.0175276,0.8125335,1.2184148,1.1080437,1.0391484,1.1771855,0.96979964,0.22284783
934,1.1738057,1.810015,0.7165498,1.5024989,1.1131874,1.3961405,1.9056876,1.0114833,1.3786635,0.80442536,1.0334079,1.0060935,1.0418602,0.724434,1.1961918,2.8134143,1.0187645,1.025718,0.99298364,0.4541623
935,1.1797004,1.1820385,1.045536,1.2461298,1.6960965,1.1739043,0.78692293,0.973309,1.0189984,2.4007483,1.0623795,1.0019845,1.0271488,2.4662242,1.2381997,2.910148,0.99393976,1.0041906,1.0051455,0.39327174
936,1.021287,0.66633266,0.8621614,1.477074,1.1492468,0.91266197,0.6896882,1.1332942,1.4992028,1.0923231,1.0319303,0.9994293,0.9877252,1.0386387,1.1555989,0.78416014,0.97790426,0.95901513,1.0082844,1.2139275
937,1.7816935,1.8949032,1.167594,1.4452822,0.9287299,1.5610067,1.7151079,0.8154536,0.90943944,2.086742,1.0480655,0.9928468,0.99032867,1.7281798,1.2360827,2.019379,0.9944698,0.92420495,1.0267967,0.79533905
938,0.83536726,1.7228699,0.7664904,1.1468832,1.5339535,1.5582775,1.3803861,1.2169163,1.2093909,1.8448337,1.0014238,0.9892765,1.0206734,2.0314589,1.2356453,1.9715939,1.0220163,1.1181822,0.98937,0.36120662
939,1.0243452,0.78970486,1.8071673,0.92039055,1.2641553,0.7085354,1.8266499,0.7112422,1.0713289,1.056125,1.0122316,1.0043474,0.9956578,2.3497634,1.2276075,2.2211914,1.0014485,1.03147,0.9992499,0.81695193
940,0.9952969,1.2998569,1.1473379,1.1174809,1.7187425,1.0022827,1.4652464,1.2607967,1.5867139,0.9954058,1.0163912,0.99960357,1.0107414,1.0083674,1.1674032,1.590518,1.0081943,1.0699623,0.9942168,0.62926424
941,1.0153651,1.1030722,1.7749002,1.0246828,1.3634506,1.1453687,1.776273,1.5447868,1.7056081,0.58523667,1.0103091,0.998593,0.95074224,1.9631435,1.1148521,1.5224106,0.984665,0.98998034,0.99828,1.3448639
942,1.8100755,1.2435582,1.6794393,1.2822403,1.2852877,1.0719177,1.3441863,1.7534621,1.7055402,0.61646974,1.0798137,1.0129876,0.96278614,0.45420253,1.0567045,2.0248327,0.95661044,0.8520812,1.026387,1.436312
943,1.0115047,1.3264673,0.9599022,0.9447925,0.9549594,1.0539409,1.3050377,1.8416107,1.4051943,0.72820914,0.95058745,1.0059911,0.9871342,2.1227407,1.131828,0.97835743,0.9916442,1.0642937,0.99660325,1.1939645
944,1.1599851,0.68099886,1.6974225,1.1794086,1.1036501,1.0169762,1.0734551,1.3907989,1.4412792,1.8262347,0.99998957,0.9954628,0.99529445,2.5563712,1.1280322,1.8450036,1.0067791,1.0545127,0.9986198,0.6955768
945,1.3041193,1.2445726,0.9719575,1.4754195,1.5375122,0.677463,1.4014375,1.5396893,1.9100332,2.7804708,1.0729327,1.0009037,1.0028077,2.0482621,1.1762484,1.9568043,0.9926241,0.9894656,0.9898464,0.53281057
946,1.9218769,1.5736182,1.2068233,1.587951,1.6034187,1.1201929,1.2738998,1.1635458,1.4302292,0.80171216,1.0542688,1.016378,0.97371036,2.5181565,1.1125717,2.6009047,0.94949555,0.7567533,1.0244052,1.5550091
947,1.5567491,1.2107255,1.1230559,1.2965742,1.1067088,0.631885,1.5340822,1.5427163,1.6426046,0.668718,1.0400498,1.0219992,1.0052204,1.0337154,1.1154016,2.743836,0.97696495,0.94061536,1.0106945,0.9867994
948,1.532927,1.7239227,1.0819979,0.66680425,1.8754758,1.087968,0.69186646,1.9233059,1.4451661,1.2523261,1.0014253,1.014325,1.0027314,2.2245545,1.1263764,2.2343519,0.97231835,1.0614555,1.0336754,1.0363312
949,1.5032241,1.2679632,1.3121951,1.7738178,0.91528237,1.6080619,1.263094,1.4071676,1.7501062,0.46581045,1.064074,1.00275,0.95933753,0.81124437,1.0621645,1.7988927,0.96547717,0.82552576,1.0199891,1.5526323
950,1.3786347,1.1321936,1.4509387,1.378459,1.921517,0.749428,1.0325431,1.0771484,2.1222324,1.7138389,1.064479,1.0140295,1.0275358,1.978393,1.1152564,2.308697,0.99141127,1.0150526,1.018857,0.65697396
951,1.115797,1.2407687,1.683008,1.1086257,1.7032696,1.5948404,1.0162932,1.1654136,1.3726301,0.52865255,1.0387954,0.9976139,0.99157304,1.0373765,1.1142403,0.4898031,0.98795944,0.97110295,1.0078856,1.321418
952,0.93264943,1.0989003,0.9112902,0.92727077,1.1675698,0.62860197,1.4900315,1.1582078,1.2143264,1.0090144,0.99621135,1.0042012,1.0017735,1.0335566,1.2293371,0.76077485,0.9960559,1.0731719,0.99954003,0.9047809
953,0.771427,1.5981901,0.48669666,1.7072175,1.1806171,1.9216405,1.2284045,0.6958633,1.180956,1.2024965,1.0133977,0.99001336,1.0472627,1.4549824,1.2212172,2.5527036,1.0318081,1.0639572,0.98887706,0.32062483
954,1.9001658,1.4095688,1.2190087,1.0544429,1.1589481,0.7252373,1.1775696,1.2955126,0.74107873,2.1510737,1.0604709,1.0156716,1.0558935,2.7113538,1.1940247,0.3575541,0.98640263,0.89821213,0.9832069,1.3443072
955,1.546571,1.2365668,1.3116977,1.3509102,1.7040814,1.436237,0.5969797,1.2441643,1.3635943,1.0737265,1.0670409,0.99807805,0.9775519,0.66500866,1.1174809,1.1374373,0.9662569,0.8918264,1.0310025,1.2728543
956,1.7165365,1.5718415,1.076802,1.2384821,1.4396821,0.6874694,1.7653136,0.68443507,0.97731996,1.5885563,1.0743859,1.008903,0.9962196,1.7113696,1.2608281,1.0801296,0.96890485,0.85219276,1.0121988,1.3132272
957,1.640449,1.0580685,1.880899,1.2231567,0.9854578,1.6270119,0.9873425,1.2247496,0.97901326,1.9389435,1.1098839,0.98850054,0.9973067,0.6617354,1.1505468,0.48007146,0.9890259,0.91893846,1.0106889,1.2795951
958,1.0127103,1.5402555,1.3382263,0.2632298,1.4808699,1.8178762,0.5529424,1.886249,0.5606609,1.2571367,0.9418178,0.98596483,0.99240303,1.9970527,1.1825747,0.84509945,1.0059816,1.1899337,1.0156246,0.88734263
959,0.8143367,1.1003013,1.3778818,0.9727442,1.2782936,1.4230846,1.2838938,1.1728275,1.139022,2.0936742,1.0170026,0.9776517,0.9989479,2.0912032,1.2269709,0.5041839,1.0205725,1.1150587,0.98504674,0.8267885
960,1.1593347,1.1031153,1.2446616,1.1421264,1.3689365,1.4527034,0.7396266,1.5583473,1.3181751,0.59947824,0.9899756,1.0023327,0.97408986,2.6137586,1.1065289,2.2795823,0.97495663,0.96895933,1.0140572,1.3595464
961,0.6221232,0.9246996,1.5386565,1.2486694,1.7002853,1.6250304,1.2294903,1.000206,1.4633601,0.4776254,1.0022018,0.99131835,1.0062562,2.318483,1.1399616,2.7692444,1.0181996,1.0657306,0.9846471,0.7540638
962,0.65084785,0.81609446,1.2336192,0.9824989,1.2378917,1.5610703,0.6628408,1.0599275,0.92939365,1.1221665,0.9925278,0.9831182,0.9917472,1.6923659,1.2013774,0.3266693,1.0038573,1.0839872,0.99935764,1.1139786
963,2.104136,1.673758,1.789676,1.7349432,1.1873943,1.8338646,1.2903887,1.6232082,1.5852156,1.3335484,1.104272,1.0008144,0.9833136,1.1538922,1.0258285,0.98364794,0.9717737,0.7616102,1.0088145,1.5804434
964,1.078903,0.88777953,1.7924657,0.69122815,1.3842765,1.0290543,1.0521933,1.2393359,0.6763418,1.9957832,1.1312027,1.0202279,1.0678871,0.557258,1.2351491,2.971431,0.9992567,1.060302,0.9926251,0.1961946
965,1.5447726,1.672296,1.6559534,0.65770316,1.9510089,1.2057382,0.9242961,0.8647526,1.1284814,1.6791345,1.0414525,1.0138708,1.0226427,2.757928,1.2102455,2.3697777,0.981339,1.0565464,1.0484729,0.90271765
966,1.608078,1.1319001,1.7480507,1.4163585,0.76531863,1.7557737,1.3440027,1.761618,1.1631391,2.1088061,1.0809112,0.98096406,0.9582802,0.95867884,1.1534996,0.9904622,0.99814576,0.96121407,1.011763,1.0350745
967,1.312397,1.2544761,1.4529102,1.3230773,1.5398206,0.96813935,1.7573328,0.9586032,1.5453461,1.3929204,1.0335056,0.9962363,0.9458895,2.5286827,1.1912308,1.9452016,0.9736984,0.9078034,1.0145627,1.2226522
968,1.5875154,1.0414236,1.0056636,1.7536201,1.0144664,0.5598082,1.6372447,0.892009,1.6983998,2.0841975,1.0963242,1.0023562,0.97520614,1.5486428,1.2020382,1.3514259,0.9684566,0.8403503,1.0098209,1.2575018
969,1.351577,0.710779,1.140394,1.4737127,0.64317065,0.95355743,0.8421336,1.3024038,0.9549496,0.64305925,0.98039496,1.0172552,1.0112927,2.5999188,1.1245601,0.966985,0.9826337,0.90702504,0.99691856,1.3594627
970,0.79296404,0.91772085,1.2705996,1.3330781,1.2211218,1.0020415,1.4211955,1.3640795,1.641804,2.127563,1.0302911,1.0027728,1.0247979,2.8602176,1.1755208,2.9707642,1.016205,1.0814911,0.9751724,0.3228863
971,1.2997503,1.5868771,0.57120365,1.3192518,1.3649583,0.46981663,1.9732993,1.0024371,1.5584786,0.6510067,1.0240132,1.0132248,0.9669988,1.0242625,1.2275922,1.2612029,0.9630254,0.9046284,1.0151863,1.3024092
972,1.6737573,1.267982,1.2528727,1.5528142,0.73851234,1.2598232,1.2939849,0.780144,0.8761778,1.2223021,1.0433651,1.0080734,1.0009081,2.0385022,1.1807784,1.2713041,0.9764919,0.8375101,1.0144833,1.3745675
973,1.3304656,1.4076018,1.4164684,1.1895332,1.6971537,1.2972463,1.2461416,1.0892979,1.4085304,2.3003254,1.0671877,0.9887194,0.98912007,2.7658658,1.2010663,0.73982596,0.98839164,0.9623915,1.0011575,1.2752502
974,1.7762024,0.9884673,1.4809937,1.054502,0.9647641,0.946443,0.74885774,1.3757516,0.8942209,1.7815577,1.0360966,1.009372,1.0234157,1.1726373,1.1492307,1.9568386,0.9899831,0.99639237,1.025204,0.6682149
975,1.673089,1.5400288,1.5665057,1.4901013,1.7256896,1.703365,1.2151508,0.69807,1.1676621,1.6058751,1.128693,0.9888272,0.9830573,0.80670154,1.1861603,0.74070024,0.9741493,0.82438964,1.0200032,1.4169707
976,0.9031971,1.4873912,0.8125176,1.5585546,0.6636975,1.7740542,1.6884434,1.4466904,1.3755144,1.0488927,0.99789554,0.9836879,0.9734062,0.8201951,1.1889166,0.881603,1.0155406,1.0516974,0.99741447,0.8520423
977,1.2637372,1.025955,1.9189229,1.0428581,1.2557304,1.615177,0.81392825,1.586048,1.0594645,2.788212,1.0898929,0.99673545,1.0262265,1.9465159,1.1570102,2.5523145,1.0073434,1.0498257,0.9973059,0.32228312
978,0.85614294,1.0628405,1.3326545,1.5060906,1.8156252,0.7895364,1.7000052,0.33830816,2.1731505,2.348143,1.1349096,0.9925358,0.9963783,2.1754074,1.2548888,0.26853004,0.9873652,0.96976113,0.99802405,1.3751698
979,0.94194776,1.3876038,0.7905608,0.75361115,1.218009,1.1133176,1.0233744,1.5495044,0.93554544,1.5774323,0.9528899,1.0032222,1.0288513,2.7553697,1.219162,2.3292146,1.0125275,1.1634783,0.9973362,0.48787975
980,1.2362897,1.0564232,1.2557983,0.9117122,1.1411513,0.7021155,1.4401999,1.5272983,1.3396301,2.7687147,1.0595415,0.98954064,0.99850416,2.1286383,1.231886,0.36805502,0.99908054,1.0582707,0.9856028,1.0592132
981,1.6203027,1.3864229,0.9262515,1.3497524,1.785473,0.93456024,0.9126565,1.4674813,1.5329303,1.125199,1.0590934,1.0134434,1.0322762,0.5722679,1.1198432,2.7331102,0.98763984,0.96519774,1.0123408,0.5878409
982,1.4686978,1.6170628,1.0697691,1.02985,1.4567323,1.3920482,1.1026933,0.97761697,0.76732695,2.1500416,1.0104117,0.9882939,0.9717013,2.9244304,1.259294,1.6533167,0.9817945,0.9771853,1.0272133,1.0463748
983,1.6587765,0.87045294,1.6590433,0.97309977,0.7972886,0.91791123,1.0727482,0.96087813,0.57523847,2.4758382,1.0753886,0.99980175,1.0217851,2.1225529,1.2375809,0.7599375,0.99037725,0.9583548,1.0056132,1.1421912
984,2.070541,1.4754348,1.6303806,1.680438,1.1789311,1.6220716,1.0979064,1.3757399,1.3669932,1.4275837,1.1299865,1.0023701,1.001479,0.45008957,1.0718457,0.649426,0.9705767,0.7683284,1.0102408,1.5430775
985,0.74608034,0.75493807,1.1495063,1.5663755,0.80321956,1.456515,1.0287249,1.4341744,1.7908089,0.6353513,0.9907466,0.99236906,0.96099067,1.8298979,1.0919919,1.197859,0.9892948,0.9896711,0.9992195,1.3356714
986,1.1371524,1.2108586,1.2230003,1.3605971,0.79779863,1.0074664,1.8139731,1.7503643,1.3572068,2.710104,1.1184614,1.0122494,1.0196702,1.2678202,1.2323164,2.903919,1.0008783,1.0207466,0.9832492,0.21988949
987,1.4223299,1.2501466,1.5372524,1.5215931,1.4017923,1.195772,1.6548599,0.6987788,1.3349507,0.49471036,1.0609628,1.0051217,0.9734776,1.2646389,1.154951,1.1637006,0.9712698,0.8213518,1.010284,1.4634879
988,1.7241788,1.2159307,0.7403937,1.682028,0.7848382,1.2015918,0.7909042,1.1961497,1.1672221,1.2897936,1.0278554,1.0104941,0.9818226,2.3295312,1.155536,2.9260895,0.9611419,0.85446525,1.0362227,1.2328392
989,1.4862487,1.2454443,1.2842612,1.5508287,1.5961154,0.72407717,1.6307993,1.6720831,2.212083,1.4668771,1.0655633,1.0028576,0.95854574,1.7741126,1.0880657,0.98666334,0.9678256,0.86495316,0.9945561,1.4398053
990,0.9482289,1.6124687,1.3728952,1.4234526,1.6840664,2.0238953,1.5768816,0.77894694,1.3032414,1.0606706,1.0325838,0.98053074,0.99898136,1.5354321,1.1876619,2.128849,1.0212431,1.021338,0.9959265,0.6616781
991,1.3606057,1.6005507,1.8354402,1.4990163,1.3619515,1.8406731,1.8006269,1.4503573,1.7290075,0.5554129,1.0405757,0.9936561,0.9585304,1.6184648,1.059746,0.8428675,0.9869459,0.8693665,0.9944829,1.5307038
992,1.0111487,1.1134181,1.087666,1.3606908,1.1454809,1.620941,0.6342816,1.041144,0.883014,2.5432234,1.0919199,0.997455,1.0505999,1.0006703,1.2275845,2.0524094,1.0099951,1.0414882,0.99759996,0.20751648
993,1.725302,1.3503888,1.842354,0.824078,1.1401969,1.4461731,1.2231443,0.9084304,0.42889678,2.4745898,1.069629,0.9881769,0.99765253,1.8710471,1.2560028,1.272999,0.9943551,0.98428166,1.0237682,0.9360871
994,0.9643126,0.92364734,1.0191965,1.2196782,1.354803,1.0409344,0.984446,1.222776,1.3730594,0.55400145,0.9915563,1.0080087,1.0044416,2.272059,1.1501001,2.715957,0.9901726,1.0163125,1.0029175,0.96919775
995,0.86113495,0.6509362,1.31146,1.1265655,1.2132288,0.90280527,0.8815307,1.4262421,1.3905473,2.3583338,1.0477743,0.9972288,1.0312637,1.5648898,1.181526,1.2651649,1.0134205,1.1047094,0.98138493,0.42406908
996,1.1096702,1.5220547,1.0954118,1.0532205,1.097679,1.9561256,0.7157821,1.7456641,1.0157335,1.6731489,0.9816013,0.98460644,1.0049229,2.67799,1.13956,0.36468735,1.0076565,1.0576931,0.9902286,1.2146285
997,0.78867775,1.0114243,1.2946391,1.3549926,1.1274598,1.7968923,0.94703317,0.6732505,0.8981149,0.7143856,0.9750917,0.9886297,0.9836478,2.9259973,1.1858528,1.1008642,0.99762475,0.97372943,1.000969,1.3037882
998,0.8702943,1.237884,1.7935693,0.6734275,1.0677389,1.5239171,1.5747449,1.010366,0.6020088,0.47530702,0.9541236,0.9985345,1.000938,2.8145285,1.1982448,0.81980526,1.0100983,1.0627159,0.98939717,1.2091155
999,1.3196108,1.2923543,1.5881445,1.3459252,1.5041335,1.1820773,1.6943533,1.2482241,1.6532078,1.984289,1.0937238,0.990365,1.0104458,0.3129233,1.1603987,1.0693519,1.0131654,1.0082989,0.9891548,0.5708997
1000,0.9467605,1.2859824,1.2868917,1.1977093,0.87126744,1.7842778,1.1946735,1.6844217,1.4547982,1.2009434,1.0004724,0.9837812,0.9691844,1.4851778,1.1239457,0.54235554,1.0012017,1.0467682,0.99888384,1.2297244
1001,0.691649,0.97295195,1.1600966,1.1100302,1.3190614,1.5026323,1.0787398,0.47763455,0.7507522,1.7744125,1.0353568,0.9770022,1.0131787,1.5122286,1.2907547,0.32562295,1.0183712,1.077665,0.99172014,0.85021204
1002,1.1475317,2.0062892,0.95233554,0.9278162,1.9547032,1.5668753,0.9391362,1.3731873,1.3548388,1.8444761,1.0942744,1.0112113,1.0694877,0.3156339,1.2028105,2.0635884,1.0063336,1.1164734,1.0115722,0.26572466
1003,1.6340818,1.4971814,1.338887,0.7287982,1.5583276,1.3095001,0.50100225,1.8923105,0.8085753,1.0079714,0.9755334,1.0117205,1.0254788,2.2970462,1.0952172,0.8563385,0.9855633,0.9997423,1.00562,1.1702805
1004,1.1427436,0.93358237,0.8413574,0.90812904,0.5632572,0.99670523,0.7950255,1.3875716,0.65534115,1.7426692,0.99357027,0.99938595,1.0193468,1.4778003,1.2395005,0.71787226,1.0014716,1.0999663,1.0077602,0.8715858
1005,1.19957,1.1322472,1.502944,1.274706,1.1393981,1.0692626,1.8141363,0.86721855,1.3194516,0.87666285,1.023737,1.0028214,0.9662478,2.467369,1.1925869,2.4672,0.98144376,0.93136334,1.0108157,1.2112825
1006,1.6857967,1.2291017,2.0009785,0.90488195,1.234506,1.3250028,1.1178067,1.878498,1.2734475,1.5897942,1.0180442,0.9997598,0.9707239,2.2989106,1.0828185,1.5596907,0.98220223,0.97331834,1.0159435,1.1666095
1007,1.392633,1.2049687,1.310221,1.3148527,1.7618895,1.1684395,0.7463263,0.89525074,1.3619564,2.3134727,1.0923232,1.0009928,1.0349927,1.2430571,1.192189,1.700033,0.99639684,1.004258,1.0168777,0.5171611
1008,0.5864623,0.8930804,1.2941189,1.4351467,1.0282013,1.7179484,1.0359008,1.6992606,1.8282762,1.2325003,0.9660899,0.9863498,1.0269365,2.2443933,1.0700648,2.1440387,1.0443758,1.1693755,0.9689175,0.38309044
1009,1.6768763,1.3969469,1.1485839,1.1207929,1.106207,1.3196024,0.91896355,1.3009273,0.8347834,2.9827476,1.0883586,0.98732734,1.0146947,2.1130548,1.2346852,0.48189965,0.9911013,0.9628999,1.0022644,1.1925843
1010,1.1843047,1.3777692,1.3441875,1.2561738,1.0368544,1.6576182,1.1903158,1.7412223,1.5113983,2.0764747,1.0057765,0.9834535,1.0067835,1.6607877,1.1198514,1.223278,1.0252578,1.1033988,0.9916962,0.5491425
1011,1.740968,1.0411167,1.745887,1.4889655,1.7070762,1.0542401,1.0164651,0.9671105,1.4936285,1.3589724,1.1283717,1.0077679,1.0095543,0.9388608,1.1121635,0.57431924,0.96888614,0.81152403,1.0069698,1.4791055
1012,1.889108,1.7380099,1.3874526,1.194317,1.1978585,1.4232448,1.2048794,1.833719,1.2503874,2.237813,1.0394542,0.9985616,0.99491197,2.8166556,1.11901,1.0949042,0.98389494,0.91779613,1.0023384,1.2994039
1013,0.5769976,1.6391389,1.052304,0.56725854,1.7925147,0.850172,1.6773024,1.6292467,1.5084139,2.5208573,1.0268629,1.0073072,1.0324118,2.643546,1.2665752,2.050478,1.0139887,1.2146246,0.9790636,0.20894922
1014,0.99168926,0.81783396,1.0298302,1.3489685,1.7661233,0.61441797,0.71589553,0.8818695,1.720181,2.254046,1.0262725,1.0086455,1.0321954,3.0845666,1.1931362,2.3538861,0.99757534,1.0629377,1.0067518,0.4566383
1015,1.453552,1.1439309,1.1415203,1.5981524,1.2505754,0.8794641,1.4469824,1.2090973,1.6441575,2.511935,1.0851046,0.99408364,0.9950835,2.8334846,1.1793609,0.5226668,0.98426616,0.87782335,0.9798065,1.4343271
1016,1.2214751,1.6856799,0.86344343,0.951187,1.7182554,0.64436764,1.7719553,0.64066637,1.150874,1.8458542,1.0389874,1.0048908,1.0054057,2.7003884,1.3098148,0.81048346,0.9829584,0.99143535,1.0056167,1.2038382
1017,1.2349529,1.3424158,1.2688744,1.1844368,1.1911844,1.1589872,1.5434078,0.74082816,0.8457578,1.153953,1.0108825,1.0025353,1.0072995,2.732276,1.2235641,0.71941185,0.99229133,0.93234026,0.99179703,1.3258095
1018,2.147701,1.5609124,1.3091202,1.2374866,1.0586791,0.96489686,1.1360759,1.6187363,1.1349765,2.3432834,1.0986679,1.0158896,1.0178834,0.74806845,1.152975,2.4907274,0.9739143,0.9102215,1.0297133,0.64342195
1019,1.6682141,1.5056906,1.2586832,1.3025177,1.1137551,1.4776894,1.0242736,1.7663572,1.40952,0.9292952,1.0276682,1.005583,0.97577584,1.4926265,1.0811172,1.7686203,0.9699663,0.9054406,1.022074,1.3550062
1020,1.5728886,1.634162,1.0026085,1.0460162,1.7449929,1.1233374,1.0362697,0.8474906,0.61696315,2.0609884,1.1200415,1.0138355,1.0445697,0.5545682,1.2817802,2.7556887,0.9802075,0.9491335,1.0211982,0.40979657
1021,0.8667441,1.3062649,1.0316062,1.5166297,1.4360306,1.7224449,0.87577814,1.3441317,1.4357685,3.070745,1.0812415,0.9863219,1.0252562,2.0309396,1.2019854,2.0730364,1.0153179,1.0552436,0.98357487,0.20749961
1022,0.6076558,1.0661955,1.409091,1.1778079,0.7189238,1.7288932,1.5722122,1.4120616,1.0624546,2.2777977,0.9772113,0.9766254,0.9915498,2.8349566,1.2334166,1.4756091,1.0413518,1.177584,0.9790106,0.34216923
1023,0.5162205,0.9303321,1.1848962,0.7983783,1.2109588,1.4205362,0.64663875,1.8944991,1.1562871,1.8521775,1.0287911,1.0044239,1.0635704,1.3826746,1.1656628,2.2296145,1.0262861,1.2110145,0.97190326,0.13002394
1024,0.7017991,0.49456197,1.6054249,1.0587137,1.744202,0.9719631,0.6336105,0.8745592,1.4674207,1.2046148,1.0296844,1.0075247,1.0596468,1.7863449,1.1530962,2.2164667,1.0198923,1.1390452,0.99427974,0.35945073
1025,1.5228887,1.3553772,1.6533723,0.97662956,1.233814,1.3773202,1.3329065,1.2821428,0.9732603,1.8519248,1.072846,0.99154043,0.993232,1.2610713,1.1906959,0.5602323,0.99047184,0.96626675,1.0060046,1.2171082
1026,0.92005926,0.82707924,1.649858,0.45665425,1.2224138,1.1362394,0.93137246,1.6395977,0.8845155,0.31285682,0.9582584,1.009489,0.9983389,2.6725802,1.1458795,2.5540226,0.9921127,1.1108028,1.0058786,1.10884
1027,1.5214858,1.668499,0.69413424,0.9457297,0.9674424,0.92586464,1.1766858,1.3541731,0.7240168,2.273044,1.0417192,1.0128561,1.0322587,1.2639676,1.265025,1.9736116,0.9880709,1.0336504,1.0178568,0.4986139
1028,0.83822995,1.6665902,1.6156995,0.5437221,1.1560581,1.851977,1.7470565,1.3304836,0.73881435,0.84930027,0.973156,0.9873688,1.011159,1.411106,1.2144753,1.4109662,1.0326715,1.183576,0.9935259,0.63484174
1029,1.4440572,1.165843,0.9759384,1.2652969,1.6449282,1.0608696,0.5139244,1.0194322,0.8799666,3.017304,1.1345886,1.0045199,1.0386736,1.0930756,1.2588973,2.0399113,0.97990644,0.9507531,1.0119953,0.43948287
1030,1.1986895,1.7612369,1.6651523,1.2347038,1.5441952,1.6903018,1.9577509,1.0442388,1.2216609,2.8636055,1.0854859,0.98766977,0.9981721,2.7427192,1.2474152,2.866901,1.0124712,1.010593,0.9920006,0.3516602
1031,1.7901173,0.74272686,2.016866,1.1884815,0.6690054,0.7448377,1.5901986,1.2917931,0.73554623,0.8529993,1.0627462,1.0211756,1.016694,1.4728141,1.1442261,0.5065595,0.9839868,0.85984653,0.9914247,1.419616
1032,0.99364775,1.4711089,1.4854722,0.586601,1.4698473,1.3818744,1.2973089,1.4077996,0.7246783,2.0579333,1.0693487,1.0019476,1.0410163,0.7712406,1.2510078,1.8038785,1.0127058,1.1301088,0.99345505,0.26466894
1033,0.7037882,0.7762614,1.3594308,1.5099013,1.0859101,0.92792314,1.8736713,0.8985226,1.7207476,2.883823,1.1079031,0.9826504,1.0212276,1.5426856,1.2467136,0.60622454,1.0272137,1.0545696,0.9568389,0.59529626
1034,1.4620478,1.3750172,1.342113,1.3647599,1.3528167,1.1532384,1.3060076,1.5717869,1.5652564,2.4664104,1.1030442,1.0026073,1.0194548,0.6856719,1.1539545,1.9460988,0.99777836,0.9882302,0.99866474,0.40583482
1035,0.77173585,0.7577217,1.8321543,1.234025,0.8043333,1.0035609,2.1391845,0.90240043,1.4191332,2.873157,1.1119822,0.98407227,1.0215873,1.4508237,1.2586638,0.58579814,1.0317646,1.076789,0.9585947,0.5929948
1036,1.5931494,0.94690555,1.8927035,0.9073221,1.6736164,1.1573738,0.697849,1.3728834,1.0851532,1.4606808,1.0521758,1.0023031,1.008702,1.159955,1.1232917,1.9385116,0.98959666,1.0016716,1.0212567,0.7599827
1037,0.4959032,0.5987986,0.64309704,0.87642413,0.76887834,0.44411796,0.93821543,1.5878963,1.2072525,2.4891772,1.0499563,1.0078669,1.0647348,1.0105683,1.2594869,0.5529448,1.0154147,1.1878887,0.9638786,0.4123172
1038,1.0157218,1.121748,1.7467043,0.9465785,1.6136857,1.4103035,1.2722663,1.33963,1.3421757,1.3646141,1.0074918,0.98560745,0.9605526,2.3599997,1.156793,0.9178953,0.9939633,1.0246737,1.0015302,1.169486
1039,1.0264006,1.1663623,1.291723,0.44070143,1.7515274,0.64112705,0.7168601,1.2697585,1.1276246,2.7330632,1.1187278,1.0167449,1.078049,0.8965336,1.2713814,0.7720417,0.9964359,1.1656964,1.0051459,0.5177436
1040,1.4989929,1.9607568,0.6982476,1.3768792,1.7510556,1.6768125,0.9255858,1.0837442,1.1294625,2.714431,1.0229698,0.9827044,0.9955118,2.9041696,1.2354357,1.9915693,0.9974167,0.9977331,1.0201509,0.6509623
1041,1.5205555,1.1921997,1.4836905,0.53427714,1.7461573,0.83146113,0.8744262,1.2479354,0.6791811,0.9134923,1.0180677,1.0178794,1.0351803,1.695741,1.1945868,2.9419982,0.9877358,1.0519305,1.0225507,0.6909226
1042,1.6953814,1.3142879,1.5668492,1.5244374,1.3758587,1.0539247,1.4315324,1.3571031,1.5694586,0.63190746,1.0347239,1.0159614,0.99136126,2.1318228,1.0620489,1.1453819,0.97063303,0.8114708,0.9978054,1.5121784
1043,1.6836572,0.8681422,1.9688761,1.6439981,1.2707756,1.1606151,1.3662689,0.76916856,1.4325608,2.211422,1.0905229,0.99273354,0.99019206,1.6484929,1.1466084,2.053048,0.995824,0.89237595,1.0133728,0.7081761
1044,0.63498837,0.95179766,0.997461,0.91577876,1.4682916,0.82319397,1.2549788,0.8762868,0.96310115,1.3499659,1.0179102,1.0087926,1.0492496,1.7909313,1.2661533,2.4352536,1.0146492,1.1250678,0.98428285,0.30841932
1045,1.2098789,1.4689217,0.883753,1.3074021,1.3033761,1.2443508,1.4004443,1.3570603,1.4686265,2.5642316,1.0804331,0.9821765,1.018331,0.9320699,1.2200351,0.31861076,1.0138315,1.0459913,0.982972,0.8060865
1046,1.2437356,1.9649737,0.6181639,1.625941,1.5154577,1.7210664,1.5807583,0.8330594,1.3955836,0.69570565,1.0325161,0.99135417,0.94919336,1.5635537,1.20923,1.6770029,0.968979,0.86370313,1.0235491,1.4421024
1047,0.7343046,1.2385912,1.2072921,0.8759609,1.6135416,1.432741,1.1982536,0.9180069,0.93961775,1.0424169,0.9711106,0.98753417,0.9860866,2.5239902,1.237112,1.5514722,1.0054704,1.0906237,1.0028393,0.8845678
1048,1.5673857,0.85078555,1.5694411,1.4840472,1.3274525,1.0377561,0.911684,0.6718975,0.8848748,1.4592439,1.0627837,1.0089613,1.035194,2.8776946,1.1579337,0.5677382,0.98389304,0.8244797,0.9851924,1.4703009
1049,1.5048373,1.721585,0.7197563,1.6746294,1.324278,1.1304682,1.5841339,1.1317109,1.5159705,1.7089099,1.108702,1.0136416,1.0403898,0.34122574,1.1920025,2.9689429,0.9936681,0.92805636,1.0022734,0.4078356
1050,0.83820444,1.2929361,1.0106533,0.9253147,1.1710836,1.1236719,1.363683,1.7884339,1.5158949,0.8879236,0.97083217,0.99939024,1.0163709,0.96483386,1.1396066,1.1565866,1.0190315,1.1585417,0.986515,0.62096256
1051,1.4446185,1.2751062,0.93851084,1.77827,0.6181024,1.6118096,1.2680666,0.48387057,0.80127716,1.5998443,1.0685635,0.9912417,1.0049407,0.64205146,1.2462698,1.3843709,0.99818504,0.91079795,1.0210311,0.86233443
1052,0.5576553,0.71867675,1.2199025,1.0099525,1.6646823,0.56843466,1.2672276,1.2694014,1.6711155,1.6666776,1.0155194,1.0059347,1.033577,2.0234451,1.1932137,1.9347022,1.0166858,1.1487335,0.9747888,0.30612588
1053,0.9282351,1.208828,1.3382657,1.0416017,1.8912275,1.362796,0.5877941,0.9291594,1.6043143,1.1897386,1.018957,1.0055269,1.0265977,2.3891945,1.1559296,1.8487499,0.99671316,1.0986246,1.0248188,0.8635161
1054,1.5227697,1.2938907,1.2849474,1.4790757,1.398647,1.1126953,1.4782476,0.8041224,1.3116227,1.9490217,1.1034312,0.99291766,1.0056567,0.46603072,1.2112951,1.092606,0.99456435,0.92554164,1.0070969,0.84399164
1055,0.99648064,1.2032406,1.3495691,0.94720846,0.7681485,0.97873205,1.8919302,0.80731237,0.8411968,1.8592962,0.9718647,0.9963676,1.0077367,2.9514813,1.2755862,1.906637,1.020435,1.1086358,0.9965003,0.53816175
1056,0.90475947,1.4444296,0.6325366,1.4581614,0.69485354,2.1134846,1.1505191,1.4694237,0.9080508,0.22403434,0.9752078,0.9914705,0.9618135,2.0407858,1.1957436,2.418636,0.99245226,1.0022222,1.0151037,1.2649894
1057,1.5293884,1.5544617,1.5046754,1.1404989,1.7831347,1.4515051,1.1250426,0.75443983,1.0792325,1.4966171,1.072226,0.9981844,1.0173612,0.74826205,1.1988511,1.6529646,0.9959523,0.9873225,1.0281276,0.6957487
1058,1.4437044,1.9275844,1.2351601,0.82870233,0.83807784,1.4956211,1.8444211,1.3351243,0.7641094,2.516027,1.0087126,0.985743,0.99386513,2.5163007,1.2688745,1.2327302,1.0116007,1.0790383,1.0061347,0.8150776
1059,1.4005234,1.8581743,1.7010722,1.0516994,1.9081305,1.4240505,1.8135269,1.0151851,1.42034,2.118689,1.0769842,0.9990326,1.013035,2.1341987,1.2103385,2.6710832,1.0059294,1.0287218,1.009645,0.4891823
1060,2.014653,1.3788152,1.1687021,1.0225155,0.8741356,0.4153933,1.4225279,1.531239,0.9883206,2.8493361,1.0550823,1.0133685,1.0230503,3.0717726,1.2128857,1.1064464,0.9788651,0.92791057,0.99889463,1.1951698
1061,0.33509344,1.0427964,1.895504,0.980606,1.7625268,1.8072087,1.6149495,0.45703977,0.98522115,1.3094691,1.0455047,0.9876899,1.045257,2.180326,1.2528032,2.7631922,1.0452505,1.154589,0.97159725,0.18074775
1062,2.0097682,1.5754175,1.1475627,1.6710074,1.6299199,0.9057364,1.3830075,1.5211583,1.9319379,1.7244519,1.0839673,1.0070101,0.9675819,1.2847911,1.1002294,2.4188898,0.96091133,0.8252568,1.0268915,1.0640049
1063,1.3407128,0.86934644,1.1067333,1.0387526,0.9404713,1.3604094,0.2511508,1.2869838,0.67529017,2.7884345,1.0500257,0.9854582,1.0326066,1.8468001,1.2208512,0.589692,1.0049634,1.0638533,1.0048436,0.8595153
1064,1.7490642,1.2776787,0.4715572,1.4761631,0.8205078,0.7331211,0.9361429,0.783698,0.8155868,1.8538653,1.0735258,1.0110089,1.0195976,1.1399915,1.2561166,1.0472398,0.9657706,0.8664328,1.0237936,1.250711
1065,1.9397411,1.7372661,1.591157,1.3736846,1.4438943,1.2849363,1.6458404,0.8564969,0.92845774,1.3366361,1.0545561,1.009102,0.9987593,2.746296,1.1684328,1.3213065,0.9739863,0.79405147,1.0068676,1.4472692
1066,1.3053308,1.2136967,0.86404,1.465456,1.4550292,1.6065023,0.44440043,0.8926735,0.97396666,0.39590028,1.0285728,1.0025525,0.9920931,1.322801,1.1539586,1.6736777,0.9670479,0.87856555,1.027282,1.3882425
1067,1.280308,1.347492,0.9210282,1.7139173,1.1102631,1.5076314,1.0675038,1.6493652,1.8994358,1.3138767,1.0260729,0.9943148,0.99113643,1.0980185,1.0784075,1.672878,0.99739957,0.97568107,1.0032345,0.8756163
1068,1.9084005,1.2958333,1.5490849,1.2265702,1.5991896,0.70549244,1.3783362,1.5502635,1.623524,1.3839628,1.0609115,1.012254,0.95650023,1.9340683,1.1129494,2.3252442,0.95251614,0.8481261,1.0285103,1.3155177
1069,1.467176,1.2583814,0.8572708,1.4083886,0.96108806,1.0385045,1.0404596,1.7714506,1.5741997,2.8955312,1.0533986,0.99111325,1.0001969,2.8867488,1.1635351,0.5601766,0.98985416,0.9685017,0.9855818,1.2857747
1070,0.8753589,0.7264239,1.4268641,1.0532453,0.74511397,1.4923959,0.7719921,1.8609523,1.1306701,1.5401227,0.9796671,0.99419475,1.0239222,1.868194,1.1276318,1.8685603,1.0288655,1.1693633,0.98810184,0.41619352
1071,1.8343186,1.4938011,1.6152768,1.4998746,1.3584788,1.7720093,0.8844375,1.3361969,1.163691,0.7975869,1.0488505,1.0052059,0.9930652,1.7325989,1.0629935,1.343136,0.97233236,0.81478393,1.0158197,1.469651
1072,1.4288323,1.523705,0.6999681,1.3133143,1.1555136,1.371399,0.73856395,1.5121897,1.0956697,1.521695,1.0002773,1.002051,1.0162114,2.5369244,1.1498575,0.71541715,0.9863561,0.9519168,0.9980002,1.3012645
1073,1.5173934,1.606453,1.0779517,1.0436985,1.8661546,0.5822248,1.4033548,0.9878701,1.1945482,2.5657277,1.1439133,1.0250925,1.0442907,1.0687965,1.2782885,2.8923974,0.9729607,0.95960325,1.0158732,0.36058342
1074,1.2050958,0.67573553,1.8720224,1.1736786,1.0776186,1.4549638,0.6927833,1.5300089,1.2662045,0.9356533,0.9910766,1.0004756,0.98352623,2.986558,1.0654556,1.6972857,0.98747736,0.9689243,1.0026463,1.3109257
1075,1.6147566,1.2978249,0.9312405,1.4860008,0.9335629,0.9837977,1.2712388,0.6494762,0.9204806,0.89002943,1.04662,1.0119042,0.9931624,1.0750862,1.2124023,1.3983707,0.96526307,0.845186,1.0288606,1.3021095
1076,1.7552729,1.8367362,0.9581452,1.9822686,1.2340401,1.2437199,1.901238,0.9832257,1.7230085,2.6220071,1.120038,1.0017902,1.0040271,1.3919245,1.1949558,2.8990104,0.98985755,0.85606295,1.0078806,0.49306917
1077,0.9575117,1.052557,1.6590955,1.1572646,0.76522446,1.3892771,1.839277,1.7485758,1.3923476,1.171255,1.0317883,0.9972833,1.01631,0.5226425,1.144697,1.7984622,1.0329543,1.1260442,0.97919524,0.38386095
1078,1.267602,1.5955822,1.4306638,0.9359222,1.5241058,1.6785442,1.3041236,1.273403,1.0217626,0.7101506,1.0243787,0.99472433,0.9804078,1.1955093,1.1726155,1.766881,0.9886798,0.99755305,1.0180511,1.1085116
1079,1.1413417,1.1302402,0.8512549,1.1431053,1.6280205,0.40262097,1.4419022,1.209394,1.4884951,0.9860028,1.0340083,1.0216628,1.0400193,1.3775474,1.1931396,3.0208762,0.9948175,1.0306486,0.9935931,0.49044922
1080,1.8199973,1.2530289,1.3409243,1.3072608,1.3005368,1.2058624,0.8097161,1.0951571,0.99244916,2.0013325,1.0467836,0.9996952,0.98995113,1.9068563,1.1736622,2.0892136,0.9765423,0.9142864,1.0340157,0.89905363
1081,1.4301386,1.4689705,1.344615,1.3643447,1.7808422,0.80491585,1.8752658,0.95432,1.7945857,1.5113655,1.0489709,1.0002981,0.94225013,2.467804,1.1929517,1.8952482,0.9648421,0.8857136,1.0211587,1.2695012
1082,1.8427372,1.6209586,0.9270553,1.5625341,0.8262085,0.618287,1.95051,1.2096685,1.5072443,2.3484197,1.059396,1.0124327,1.0003723,1.7598528,1.2048128,2.4559178,0.98377293,0.9133022,1.0147845,0.65214944
1083,1.289712,1.0215149,1.3994586,1.1497817,1.1950519,0.47235864,1.7386913,1.3455943,1.529695,1.0063728,1.0276078,1.0140752,1.0001965,1.9240407,1.1469247,0.5695679,0.9832902,0.93861127,0.9831618,1.3521347
1084,1.2587724,1.8010473,0.677008,1.477268,1.5143822,1.200374,1.6955419,1.6507429,2.0012927,0.75499284,1.0095251,1.001617,0.9439018,2.1301982,1.1299196,2.2081823,0.9662968,0.9140384,1.0114173,1.4067852
1085,0.9989088,1.2025926,0.865682,0.910171,1.6583513,0.81678075,0.814721,1.0534166,0.9316904,2.766046,1.034263,1.0048703,1.0265987,2.878264,1.2903442,2.191622,0.99246144,1.0810891,1.0056288,0.37253743
1086,1.6890371,0.32318956,1.6898806,1.5851614,0.95093477,0.83580345,0.51723003,1.2869239,1.4745452,1.293192,1.0575706,1.015266,0.99900174,2.1236835,1.0626961,3.0846784,0.9689529,0.8706588,1.0229005,1.0697427
1087,0.8839032,1.0039508,1.4265332,0.75818133,0.63446534,1.3689064,1.3274199,1.5892285,0.64734787,2.109754,0.991799,0.9892168,1.0070633,1.9618372,1.2515069,1.1115675,1.0263609,1.1808013,0.99167097,0.474388
1088,1.1581843,1.3347609,1.313452,1.2730851,0.73439896,1.8262469,1.5178832,1.3810626,0.8644538,1.262167,0.9951181,0.98786193,0.97544265,2.2165666,1.2078443,2.240562,1.0114061,1.0434062,1.0083725,0.82103455
1089,1.659492,1.5652156,1.1538825,1.1636789,1.2148005,0.8600797,1.7565411,0.9709148,0.9960161,3.0081959,1.1514877,0.9986981,1.022249,0.6684681,1.2996647,1.0396694,0.98859876,0.94033897,1.0009569,0.8111811
1090,1.3455601,1.7218072,1.47734,0.8059391,1.7827072,1.1871747,1.8693914,0.67885906,0.71587133,1.3335432,1.0551034,1.0037512,1.0214717,1.4623796,1.2813513,2.6915114,1.0031261,1.0223145,1.009806,0.5284368
1091,0.85466653,0.8608708,2.0442536,1.1510715,0.98751783,1.8441154,1.0916613,1.5876275,1.3483247,2.093254,1.0689038,0.98603904,1.0340233,0.52517545,1.1137668,1.2486408,1.0376765,1.1328813,0.9774587,0.22450519
1092,1.6792016,1.6492562,1.0844378,1.0398427,1.5793025,1.2785023,0.8201656,1.443973,0.8758577,1.4756014,1.0101972,1.0060285,1.0149708,2.5588799,1.1573621,0.96582747,0.98038673,0.9324778,1.006537,1.2525289
1093,1.5659001,0.68213445,1.5765688,1.1101155,0.5994904,0.8960125,1.187312,1.5551786,0.46090782,0.38893178,0.9833755,1.0226035,0.99363196,2.7825723,1.1645885,1.6973491,0.97897506,0.9167104,1.0053512,1.3647802
1094,1.0815461,1.4079382,0.7139141,0.98357785,1.3626754,0.902157,1.3425357,1.2427505,1.2079078,0.924055,1.0276836,1.0007595,0.991255,0.38323128,1.2274272,0.39982954,0.98217076,1.0169919,1.0080906,1.1765295
1095,0.76725477,1.2486794,0.8466428,1.5487549,1.3134025,1.6427742,0.9986541,1.2000616,1.5006132,1.9824182,1.0001895,0.9859787,1.0221388,2.4935737,1.1748992,2.216225,1.026421,1.0930777,0.98428905,0.34589237
1096,1.4854054,1.0855951,1.1871266,1.4645123,1.5826359,0.855478,1.0456269,0.6730611,1.0594535,0.84880495,1.0311894,1.0140852,1.0114301,2.5208268,1.1682346,1.0483451,0.9708483,0.8272991,1.0010148,1.4179907
1097,1.1559565,1.3135953,0.66165817,0.96333826,1.2276922,0.56861395,1.2014334,1.6226819,1.3063012,0.5023657,0.9541318,1.0196908,1.007715,2.0553021,1.1535871,0.9469991,0.9797543,1.0144327,0.99726045,1.2206429
1098,1.7063959,1.3789349,1.3830683,1.4970567,1.0882591,0.8701715,1.6047518,1.5968703,1.6594642,0.8115703,1.0287982,1.0197579,1.0013875,2.165241,1.0625974,0.9335902,0.97459656,0.83770055,0.98893946,1.5138187
1099,1.9002743,1.3445635,1.574791,2.0681574,1.0070189,1.9110008,1.0934705,0.7379437,1.295196,2.3277404,1.1160607,0.99039876,1.0124494,1.1970536,1.1316041,2.775352,1.0004889,0.8434961,1.0215783,0.56500655
1100,1.4690766,1.5649545,1.1834202,1.0615475,1.391015,1.1023473,1.3846108,1.1541995,0.9764439,0.6816577,1.004976,1.010842,0.99893653,1.8006213,1.1740532,1.0475881,0.9785942,0.9266679,1.0091252,1.2849839
1101,0.6840245,1.075238,1.7109561,0.9458551,1.4909474,1.8094946,1.0923309,1.3864067,1.2484673,1.6459154,0.9681402,0.97712994,1.0087355,2.6723585,1.1506177,1.6913242,1.0404103,1.1842456,0.98196787,0.41288638
1102,1.2286997,1.9464984,1.0778935,0.9947738,1.1765736,1.3609413,2.0955126,1.0590268,0.99566436,1.4946703,0.98686796,0.99647045,1.0054419,2.4811354,1.2544302,2.491526,1.0157264,1.0740741,1.0016508,0.59281075
1103,0.5624704,1.0325468,1.0417376,1.8443859,1.3156213,1.6119303,1.5472898,0.5453231,1.6982886,2.2478054,1.0382595,0.96791315,1.0006759,2.283422,1.2262944,0.9003751,1.0351349,1.0469311,0.97002614,0.61369216
1104,0.54152256,0.6215014,1.6218543,0.9976636,0.7690466,1.1201249,1.4710612,0.80453855,0.86830735,1.9295326,1.0267311,1.0002519,1.0436709,2.2265828,1.2566442,2.1819396,1.0308398,1.1437442,0.9759406,0.2412227
1105,0.9047428,1.3794332,0.8250165,1.214998,0.75885344,1.9286126,0.64387465,2.0502732,1.2759634,1.4813336,0.99802303,0.9927743,1.0482254,0.39740932,1.1087322,1.3424609,1.0331712,1.175635,0.9875907,0.30717245
1106,1.1362822,1.0964127,0.7704397,1.2546461,0.80394894,1.0517691,0.98925203,0.98289573,0.94861054,1.6518744,0.97130233,0.9994937,1.0030097,2.618013,1.2274616,1.7576869,0.9966711,1.0370619,1.0134696,0.80917937
1107,1.4438684,0.55175,1.2666938,1.3397939,0.6357852,0.94147176,0.7503684,0.79826933,0.7092758,2.7346492,1.0851679,0.99284863,1.0168029,2.2130864,1.2556242,0.6410811,0.9894876,0.94363916,1.0033561,1.184044
1108,0.9140015,1.2472422,1.2714958,0.9882466,1.3943616,1.320805,1.4567468,0.72601825,0.88024426,1.0043699,0.98364687,0.9943206,0.9837793,2.9173732,1.249818,2.2505133,0.9974913,1.0325239,1.0081394,0.97772986
1109,1.0720077,1.0531068,0.73810893,1.2581635,0.8937442,1.2401942,0.7560944,1.0075742,0.84409374,2.848016,1.0609889,0.98826754,1.0382652,1.8188438,1.2746797,0.835083,1.0096271,1.0598634,0.99268717,0.69090384
1110,1.3108284,1.4663126,0.8323441,1.6875362,0.8013468,0.9799349,2.0026515,1.5926396,1.7542857,1.9227458,1.0483434,1.0059804,1.0030499,1.5634145,1.1801381,2.654776,1.0058496,0.9961586,0.9903375,0.46809375
1111,0.74087864,0.66341645,1.1250958,1.0867808,1.2088499,0.79509085,0.9769588,1.58781,1.6471217,1.1100262,0.9877074,0.9985357,1.0116427,1.0039667,1.1296283,0.6710582,1.0112184,1.1252975,0.98508537,0.7120471
1112,1.6527739,0.8554712,1.6359453,1.7003026,1.5536973,1.1739718,0.86384,0.7985605,1.3562354,2.8286676,1.1508894,0.9941152,1.0158092,1.0494977,1.1772271,1.9326005,0.9887687,0.87578964,1.0091797,0.5947866
1113,1.721766,1.1729376,1.7438569,1.0280724,1.0260547,0.7338523,1.5811148,1.3301845,1.1093546,2.5449908,1.055136,1.0098872,0.999618,2.6789083,1.1982112,2.7688124,0.98701143,0.9748865,1.0135365,0.6291852
1114,0.75355536,0.902108,0.9719079,1.316231,0.8084731,1.4239348,0.79464525,1.2294484,1.110719,2.3634272,1.0371872,0.9921087,1.0450389,1.4682162,1.2104526,1.308901,1.0244038,1.1181343,0.98300064,0.33185014
1115,1.1000116,1.2850301,0.8838844,0.76405275,1.0694352,0.6822359,1.3886843,1.6128606,1.1722662,1.0767411,0.9513742,1.012181,1.0058008,2.6037502,1.1956804,2.2533007,0.99528605,1.1052899,1.0029876,0.8284442
1116,1.483293,1.2665133,1.3087261,2.01233,0.752087,1.8130664,1.7582703,1.3252083,1.4399362,1.2856065,1.0690426,0.9867513,0.9448378,1.1708606,1.1612031,2.2409263,0.9937038,0.8775662,1.0145853,1.0015419
1117,0.9117976,0.8832322,1.6453557,1.2560947,1.2549614,1.3006376,1.2699144,0.6507544,0.88292444,2.8923695,1.1388005,0.9973656,1.0418994,1.1178669,1.2815233,1.9890394,1.0104971,1.0178661,0.9869273,0.19130933
1118,0.9443248,1.0745034,0.87757254,1.1947188,0.91801476,0.90398425,1.467499,0.49945587,0.79624605,0.69723964,1.0025616,1.0054396,1.0063912,1.6433908,1.2668551,0.6351713,0.9891956,0.971771,1.0012794,1.2438018
1119,0.6994366,1.755028,1.179872,0.8521374,1.8901244,1.6360706,1.2803503,1.4361585,1.6864882,0.9755665,0.99360937,0.996674,1.0491333,1.2605964,1.1505213,1.584707,1.0363957,1.2289771,0.9922459,0.36469838
1120,1.8258111,1.8279781,1.4319396,0.7935961,1.3129326,1.0575975,1.6019183,1.8877546,1.1924194,2.4157379,1.0291871,0.9984817,0.9803034,2.6764865,1.1774664,1.2611749,0.98386264,0.99090505,1.0086787,1.1296632
1121,1.1198456,1.4493008,0.9475209,1.231271,1.8001871,0.9349434,1.4206059,1.2224517,1.6387008,1.4225405,1.0210456,1.0041815,1.0214626,1.8061067,1.1809661,2.4098814,1.0057446,1.0554795,0.9968505,0.49667495
1122,0.6771832,1.4032154,1.4280248,0.9436168,1.3012725,1.4571408,2.0083654,1.1033609,1.2412709,0.36172524,0.9925519,0.99895185,1.0384189,1.292497,1.1886635,2.5375123,1.0397122,1.1557935,0.9752248,0.4202803
1123,0.9405789,1.0242543,1.3733644,1.0739982,0.86996645,0.6538307,1.6794294,1.9546334,1.5860312,2.9847941,1.1265643,1.0210396,1.0442667,1.1718167,1.202971,2.670943,1.0009707,1.0752529,0.9697932,0.100967064
1124,1.6228418,1.7522311,0.74349666,1.5761874,1.6216103,1.6219629,0.7400746,1.6763537,1.6279078,0.5375558,1.0485663,1.0032524,0.97746944,0.38753474,1.0704343,1.1643612,0.9613167,0.8532821,1.0237601,1.4427726
1125,1.2767477,1.1524725,1.2092049,0.9978203,1.3778164,0.78408283,1.2663598,1.2837943,1.1732998,1.3854696,1.0213766,1.0047375,1.0026078,2.020113,1.188426,0.63904655,0.9854697,0.98165214,0.9952859,1.2232974
1126,0.81679493,0.92261964,0.759229,1.1244684,1.0552335,0.9105039,0.9062192,1.0982385,0.942397,1.2008673,1.0615166,1.021072,1.0816444,0.36357272,1.2270288,2.631242,1.0088377,1.0885231,0.98800325,0.230422
1127,1.1960194,1.1123326,0.80765826,1.4155983,1.0996684,1.0573715,0.97547126,1.3948872,1.4684503,0.94900703,1.0088742,1.0095626,1.036971,1.1534659,1.128515,2.4500892,1.0054849,1.0383072,0.99954486,0.5872462
1128,1.0669732,1.3363712,1.0855808,1.0621488,1.5252521,1.5838755,0.8801248,1.0514333,0.9483044,0.76018465,1.0047343,0.99364173,0.986584,1.5702517,1.194318,1.6387018,0.98757315,1.0061674,1.0183437,1.0870082
1129,1.0210218,0.67741424,1.4487338,1.260606,0.73106825,0.91743654,1.5321126,1.7195321,1.300385,1.304993,1.071323,1.0161896,1.033971,0.752251,1.1676165,2.952332,1.0122927,1.0660752,0.98211354,0.33100498
1130,1.7769496,1.1764297,1.9316554,1.1559942,1.4932979,1.3802873,1.0956088,0.9476242,0.9175975,2.6667252,1.0936617,0.98592603,0.9931594,1.881206,1.2015334,1.5495714,0.99318457,0.9391456,1.0189041,0.83893234
1131,0.97112113,0.74559885,1.5600183,1.0683583,1.3611138,0.94034356,1.2841388,1.2010316,1.3949559,0.74484324,0.9954276,1.0056952,0.9870291,2.8571072,1.1485677,2.7655926,0.9907158,1.0159309,0.9999736,1.030314
1132,1.3013673,1.0865834,1.3778822,1.7567396,0.7667424,1.505284,1.5780225,1.3073155,1.1057296,2.9822836,1.1267973,0.9969195,0.9959795,1.8650128,1.249584,3.069226,1.0016096,0.94574004,0.99724644,0.29647827
1133,1.6526875,1.7926619,1.0179613,1.3318017,1.4662706,1.334509,1.3523438,1.706982,1.6243309,1.3004855,1.0309296,1.0016016,0.9659999,1.7943587,1.1214175,2.301974,0.9716635,0.9210039,1.022127,1.1586142
1134,1.7250631,1.7990799,0.93545264,1.5810959,1.3185478,1.3810948,1.428184,1.3054622,1.4989202,2.7949173,1.0607777,0.98637176,0.98104995,2.4075813,1.1942666,1.7636538,0.9903756,0.9278401,1.0121119,0.88724494
1135,1.5823989,0.7259975,1.5712919,1.4871538,1.057929,1.1847042,0.785575,0.86918956,1.0917928,2.41399,1.0975994,0.99121994,1.00973,1.3489753,1.1811998,1.2306435,0.99233365,0.9250197,1.0120045,0.9100873
1136,1.2137201,1.9641395,1.2113273,0.9715529,0.96709096,1.8523024,1.7728734,1.3929011,0.96009004,1.2611207,0.98758864,0.9915812,1.0078933,1.7948643,1.1989895,2.103279,1.0209366,1.096431,1.0028193,0.6640129
1137,0.9444917,1.2524319,0.7657874,1.0777922,1.5653995,1.177471,0.6816601,1.527496,1.1659763,2.1016362,1.0387456,1.0086443,1.0454937,2.2720332,1.2059371,3.0620425,1.0009168,1.0859125,0.99238205,0.30165744
1138,1.2784162,0.9992874,1.1193459,0.6838179,0.97967696,0.8175103,0.8721163,1.067643,0.480093,1.1405603,0.9719009,1.011959,1.0126878,2.4550815,1.2417854,2.168246,0.9851706,1.0556347,1.0236807,0.9164756
1139,1.2962196,0.9784816,1.6019869,0.7467391,1.6151121,0.58865494,1.2327621,0.49461573,0.8202897,2.3969264,1.0882372,1.0041903,1.0408806,2.525259,1.2985871,0.31776795,0.99286544,1.015507,0.99980843,1.1510429
1140,0.9583643,0.45550257,1.9069598,1.6265516,1.6253654,1.357176,0.77037793,1.3332599,1.8913155,2.5990565,1.1270564,0.98744667,1.0249304,0.81108415,1.0976728,1.5372369,1.0168314,1.0131578,0.97594553,0.2995178
1141,1.368721,1.3432627,1.0089242,1.094425,1.2827003,0.97028893,1.0551177,1.8699058,1.4677485,1.7309755,1.015397,1.0109204,1.0251471,1.9623207,1.132621,2.7422392,0.99810857,1.059749,1.0004426,0.5286826
1142,0.49191135,0.8814778,0.68525803,0.9518311,1.655803,0.60389274,0.94407314,0.9684767,1.5021508,0.5707656,0.9747204,1.0083511,1.0272593,1.2375586,1.2119961,0.8648385,1.0028738,1.1467236,0.99829865,0.75168675
1143,1.1363988,1.5656068,0.49042696,1.4978156,1.0775534,1.565744,0.9379776,1.7469132,1.6831737,0.7463647,0.9898792,0.9971154,0.96594805,1.5074896,1.1106474,1.4811774,0.9760549,0.9677815,1.0150558,1.3309793
1144,1.0078874,1.6626809,0.97470397,1.0799829,1.1703638,1.314845,1.7836988,1.3835999,1.4049226,0.8602301,0.9954486,0.99418885,0.97378266,1.0432614,1.1918081,0.8889544,0.99682057,1.0430055,1.0036162,1.0519364
1145,1.0111656,1.3691056,1.1834509,0.8975138,1.6750937,1.2312852,1.0798643,1.0439072,1.1312397,1.5585192,1.0016382,0.9939339,1.020499,1.5692492,1.2174709,1.1716995,1.0130559,1.1215551,1.0072618,0.5523455
1146,1.3689489,1.8491335,1.3217402,0.8466876,1.6770118,1.7677954,1.0511868,2.2209451,1.4327314,1.8079618,0.9709048,0.9903741,0.99778855,3.0630436,1.0992471,2.7990892,1.012552,1.1210802,1.0013826,0.601259
1147,1.4609382,1.9167199,0.9595147,1.7135675,0.94685626,1.9287478,1.771219,0.65578085,1.136353,1.5145609,1.081005,0.98377126,0.9751807,0.6738545,1.2327071,1.1025844,0.99017847,0.87885517,1.0191442,1.1845751
1148,1.3267043,1.3836861,1.2952924,1.3478897,1.7921351,0.9213192,1.4647418,0.9170906,1.7162724,0.93439615,1.0438757,1.0085523,0.9751531,2.0162573,1.1595075,1.3433437,0.9679927,0.8989088,1.0178475,1.351265
1149,1.2670538,1.1902993,1.9393928,1.0552106,1.219758,1.647976,1.2937338,1.8269787,1.5666039,1.3270305,1.0489929,0.98648363,0.97663164,0.51854265,1.0795825,0.6619611,1.0030341,1.0322862,1.0006458,1.0270544
1150,1.7068675,1.414484,1.7788992,0.96968263,0.8578732,0.93482274,1.8548822,1.4648614,0.9289572,2.5510774,1.1311998,1.0182464,1.0251293,0.89288414,1.2270207,2.8173494,0.9881396,0.96923983,1.0073178,0.4227166
1151,1.2523046,0.9093911,1.662494,1.1311696,0.7042465,1.1424872,1.6804267,1.8001014,0.9727881,1.7928199,1.0902648,1.0090493,1.0103929,0.66557133,1.2086229,2.6018274,1.0073913,1.0476168,0.99376297,0.3683421
1152,1.4532344,1.7710915,1.5899277,1.5875168,1.0298549,1.6590356,2.1847093,1.3581117,1.6638763,1.654723,1.0572972,0.9899988,0.9731184,2.691525,1.1277486,0.5867473,0.99582356,0.8691756,0.9779756,1.5526931
1153,0.94386,1.1898067,1.2569551,1.3804448,1.4116298,1.8921158,0.8479072,1.4211906,1.5289512,0.459551,1.0212615,0.98844326,0.9741993,0.95242965,1.0956093,1.3721266,0.99119973,0.9861256,1.007625,1.2165089
1154,1.9732182,1.3919826,1.1401396,1.3405781,1.3898181,0.8143987,1.1244369,1.1683266,1.1188855,2.0347927,1.1061847,1.0084127,1.0130075,1.3071104,1.1860116,0.8244536,0.9667904,0.8363047,1.0107539,1.3441443
1155,1.2001436,1.1210542,1.2541001,1.5761209,0.94324064,1.2058612,1.5790784,1.3976595,1.7748811,0.557968,1.0388951,1.0107387,1.0317199,0.8094479,1.0864555,2.9231184,1.0119975,1.0035319,0.98922396,0.64357233
1156,1.7172947,1.9156432,1.5499866,1.2431922,1.5929,1.7215039,1.6127989,1.1880952,1.1547003,0.9381846,1.0439258,0.99912095,0.9596571,2.3388343,1.15089,2.2238085,0.969437,0.84998786,1.0232283,1.4428551
1157,1.3628333,1.2724221,1.9617882,1.0820959,1.512286,1.5184644,1.5850577,0.72643286,0.9641843,1.6702275,1.0605792,0.9839189,0.9568455,2.055275,1.2212232,1.2343136,0.9865651,0.930383,1.0168968,1.2068558
1158,0.9382376,0.95525604,1.6057153,1.5841804,1.2718301,1.3066324,1.7156478,1.3617505,2.123671,0.586228,1.042947,0.9931682,0.95288396,1.1370004,1.0800917,1.405518,0.98959744,0.94131356,0.99354815,1.2630427
1159,1.6818609,1.0977147,1.6887584,1.9758995,0.9346969,1.8131746,1.1562817,0.81345224,1.451858,2.3766408,1.0929995,0.9809599,0.9598956,2.3019278,1.1376495,1.8929119,0.984006,0.822923,1.0211607,1.1658657
1160,1.7855029,1.1741576,1.5865619,1.641562,0.96137905,1.0727729,1.5851598,1.131653,1.4426669,2.4089985,1.1159583,0.9981098,1.0016237,2.306211,1.1542469,0.60636723,0.98287624,0.81950086,0.9865726,1.4942596
1161,0.8186813,1.1767201,0.5144989,1.3328037,0.9572264,1.642603,0.65932935,0.78469616,0.76802236,2.3189797,1.0150675,0.9767622,1.0257776,2.0879292,1.2823948,0.49433896,1.0179601,1.0849806,0.99424917,0.8215013
1162,0.51584464,0.47689492,1.5614555,1.5975635,1.4468353,1.0994939,1.3641238,1.0410419,1.9484955,2.7897906,1.0882235,0.9800887,1.0169849,1.983437,1.1824825,1.0964967,1.0303305,1.0748292,0.9557283,0.38909554
1163,0.6798695,0.6843805,1.5093079,1.231327,0.95226705,1.5869807,0.7258259,1.6099123,1.3315729,2.0167065,1.041759,0.9996816,1.0526437,2.0499802,1.128797,2.7867193,1.0284309,1.1349999,0.9738695,0.19829077
1164,1.1683896,0.9859503,1.0844402,1.6925673,1.0316424,1.7233542,0.63821685,0.75448555,1.0911179,2.2657106,1.0316689,0.98056644,1.0158807,2.1040144,1.1905681,1.5260606,1.0150224,1.0029722,1.0052335,0.6154523
1165,1.9666843,1.8240662,1.466547,1.3388894,1.6250325,1.3771175,1.4575162,1.8422647,1.7372036,2.5808706,1.1075987,0.98882073,0.9821633,0.8871316,1.1181786,1.2920266,0.98759323,0.9267957,1.0103698,0.9228896
1166,1.2978568,1.927778,0.85184044,1.42663,1.8478205,1.2624675,1.6029809,0.5633206,1.4657271,2.2717388,1.0468197,0.99354595,1.011122,2.3357177,1.2654076,1.9167671,1.0032903,1.0096984,1.0158225,0.55917835
1167,1.3733203,1.4165576,1.0700741,1.558295,1.6101304,1.0624746,1.5265961,0.9515622,1.5700727,1.839167,1.0413973,0.99799645,1.0035568,2.16176,1.1878629,2.6487007,1.0003206,0.963926,1.0029615,0.56126446
1168,1.2956207,0.815577,1.0305953,1.4726944,0.9067317,0.6421434,1.0770824,1.5941333,1.7880082,1.5972265,1.0122155,1.007372,1.0121083,1.2624122,1.1055124,1.5509177,0.9987754,1.023376,0.99890244,0.6571974
1169,0.65997297,1.2677326,1.5073383,0.8099587,1.2597953,1.632119,1.5571523,0.9667355,0.9288822,0.79825354,0.98757005,0.9828427,0.9801899,1.2854748,1.2278668,0.5165628,1.0137308,1.1073862,0.9984078,0.97179824
1170,1.6042161,0.9446996,1.9058135,1.8209844,0.86457235,1.2369586,1.7692522,0.8583789,1.5624688,1.9417351,1.105467,0.99860287,1.0085061,0.94039524,1.1354711,2.4184937,1.0081267,0.9048594,1.001817,0.5302738
1171,1.3394816,0.65207905,1.4851215,0.7856777,0.7571748,0.5421607,1.1039577,1.3987486,0.9256036,0.6255487,0.9923556,1.0244604,1.0141617,2.1775718,1.1578276,2.8347824,0.9806984,1.0234866,1.0146182,1.0255084
1172,0.79608136,1.7899699,0.73383236,0.98433596,1.8528357,1.153551,1.2822123,0.84325135,1.2073672,2.625944,1.1337754,1.0106488,1.0737269,0.4567765,1.3233035,1.5482838,1.0050795,1.1091266,0.9967121,0.16372621
1173,0.72798914,0.44811064,1.2931759,1.2795929,0.80097985,1.2588297,0.70363027,0.9821902,1.1447822,1.2851071,0.9719795,0.9898782,0.97768223,2.734724,1.1747822,1.1233993,0.99628586,1.0394228,1.0048105,1.1108587
1174,1.3965154,1.3538065,1.1996982,1.4194696,1.0633863,1.522076,1.0476319,1.4747587,1.2982224,1.5836381,1.0741473,1.0075481,1.0465297,0.73267186,1.1302326,2.8678348,1.0074929,1.0077615,1.0003973,0.4112027
1175,0.88363916,1.141583,0.96251756,1.5044732,0.6923202,0.8230595,2.0538251,1.0881498,1.3466516,2.045497,1.114942,1.0157361,1.0463569,0.33749855,1.266264,2.4703655,1.0110055,1.0250163,0.9762814,0.16303441
1176,0.9944888,0.987974,1.2817912,1.3714085,0.77579844,1.8711919,0.78989226,1.8563393,1.1652046,1.6590794,1.0366895,0.99422336,1.0312648,1.0675722,1.12835,2.3261778,1.0261407,1.1067581,0.9893929,0.32025427
1177,1.0400302,1.2134967,1.6404021,0.9533255,1.0137342,1.3933109,1.3733785,1.7051634,1.2486628,0.8281239,0.95762706,1.0013577,1.0006802,2.941924,1.0967404,0.51623416,1.0064408,1.0375783,0.97754556,1.2860978
1178,1.502825,1.541203,0.47548306,1.8802321,1.0972894,1.5961157,0.700756,0.8459563,1.1009588,0.7925812,1.0088183,1.005877,0.9982432,2.3119245,1.149766,1.4566162,0.9682552,0.8136596,1.0188944,1.4574416
1179,1.0542474,0.9089282,1.1315012,1.5432808,0.77307886,1.5448815,0.8179144,1.0427103,1.196703,0.9317492,0.9985256,0.9953477,0.98596096,2.0450504,1.1383173,0.99867356,0.98852724,0.9457772,1.0072222,1.2999079
1180,0.73137146,1.1159859,1.6856282,0.57620096,1.0244931,1.0796512,1.9091649,0.99265367,0.77349925,1.1919843,0.99148124,0.9984671,1.0299027,1.4391111,1.2564572,1.4561521,1.0329747,1.1849754,0.9840637,0.40344578
1181,1.1907761,1.2820601,0.8951387,1.6074777,0.92712116,1.3460056,1.2594059,1.0808265,1.3767245,1.9817296,1.0645521,0.9942632,1.0335243,0.5044354,1.1893704,1.2878577,1.0153476,1.0188596,0.99393857,0.48145974
1182,1.0902753,0.73752624,1.739285,1.4905283,1.1888541,1.7904314,0.81710654,0.6608067,1.0612383,1.6711519,1.0688491,0.9791472,1.0025407,1.0282753,1.1708046,0.94427454,1.0108125,0.9813175,1.0044204,0.84521633
1183,0.6087304,1.0348461,1.25144,0.6146569,1.025947,1.3878664,0.9078896,1.7424873,0.9277823,1.5244597,0.95777243,0.9995032,1.0429083,2.5394344,1.1841383,2.2020712,1.030768,1.2379662,0.98086137,0.33795255
1184,1.5038478,1.3425357,1.2214592,1.2557817,1.1860915,1.4060334,1.0230435,0.9988094,0.838851,2.81086,1.1335225,0.9918026,1.0351907,0.5046729,1.2526263,1.0612371,0.9993241,0.97452873,1.004074,0.66756475
1185,1.6190076,1.1688998,1.7552667,0.96931547,1.3338232,1.6051563,0.6730946,1.1221886,0.6541457,1.2423981,1.0383208,0.9973101,0.98614603,1.6078025,1.1596305,1.6591275,0.9774712,0.9388867,1.0332144,1.1643562
1186,1.2518582,0.8573881,1.7208645,1.3654115,0.99100006,1.3390914,1.2688322,0.88840646,1.1747391,1.8602613,1.0604632,0.98916674,1.0149256,1.006868,1.1741631,1.1858385,1.015795,1.0137742,0.9990247,0.641016
1187,1.3196774,1.3878837,1.3153183,1.2391018,1.8996495,0.48078483,1.7047696,0.58510613,1.8506052,1.6764344,1.0570593,1.015129,1.0120449,2.294228,1.2186373,2.1351488,0.9858411,0.99853134,1.0220997,0.7636871
1188,0.76505834,1.2125359,1.4634013,0.9679395,0.6932385,1.6430867,1.7615553,1.4877355,0.7324946,1.5748436,1.051733,0.998518,1.0300882,0.8690139,1.2535511,2.2629762,1.0318556,1.1469853,0.9810786,0.23060171
1189,1.1047885,0.81205946,1.1376593,1.2983756,0.64777863,1.4017102,0.8720088,1.7563795,0.8430103,2.463489,1.0148823,0.99323714,0.99275005,2.5558953,1.2223543,2.2518094,1.008843,1.0822029,1.0022874,0.42967898
1190,1.5928636,1.383539,1.5934691,0.8967734,1.642403,1.1722723,1.271075,0.8974351,0.8513054,1.7955734,1.0934434,0.9942485,0.98930645,0.85430324,1.240324,0.8238952,0.97848576,0.94440943,1.0234163,1.157541
1191,1.6557465,1.1492524,1.8988781,1.3740237,0.8249457,1.5864567,1.476232,1.3075792,1.0167522,2.0868182,1.0783882,0.9881343,0.972123,2.1591544,1.1681576,0.8917316,0.9906535,0.8957749,1.0037372,1.336556
1192,1.1401606,1.350101,1.720906,1.7595601,1.3380762,1.8018612,1.7969261,1.5893296,2.298936,0.58400905,1.0577956,0.9861748,0.9280491,1.1062931,1.0316224,0.98063886,0.98139715,0.8690157,0.9968095,1.5664806
1193,1.4038534,0.9213992,1.7563169,1.4381509,0.8940221,1.1015581,1.630156,1.2531096,1.607042,2.4795504,1.0780741,0.9870854,0.9722178,2.2042723,1.1625013,1.1075788,0.9949106,0.94600606,0.995738,1.1261706
1194,1.6733153,1.2064903,1.2232721,1.4294891,0.81103575,1.0303007,1.4004526,1.4074241,1.179418,0.70355356,1.0180292,1.0174214,0.9725542,2.5696907,1.1381229,2.537551,0.96277446,0.8519192,1.019671,1.461072
1195,1.4130187,1.0398076,0.9508323,1.6989925,0.87222165,1.3675202,0.6167979,1.721932,1.7281051,1.9910082,1.0306088,0.9942758,1.0118185,1.2382067,1.076657,1.4313586,1.0023321,1.0000211,1.003598,0.7168126
1196,1.5053735,1.2962613,1.4714196,1.2366444,0.7151818,1.8301402,1.2143518,1.5947293,0.7342719,0.78421485,1.0209651,0.996023,0.9580977,1.4403161,1.1633358,1.5725604,0.9824975,0.9385281,1.0245739,1.3156018
1197,1.1359093,1.2072031,0.63386863,1.33585,0.96949756,1.0639373,0.8086314,1.7393126,1.4296143,2.0269437,1.0115588,1.010522,1.0387264,2.286024,1.1550386,2.845824,1.0024515,1.0699527,0.9946242,0.41436732
1198,0.789964,0.9914625,1.4320319,1.1839795,1.2260299,1.5932115,1.1439217,1.0227797,1.1997229,1.0820249,0.9936891,0.98523474,0.9836289,1.9509217,1.1757982,1.2639647,1.0084525,1.0561894,1.0000485,0.9285596
1199,0.9781285,1.4292104,1.0916736,0.9767884,0.7286924,1.835799,1.1218046,1.4979041,0.8438024,0.5628097,0.9673589,0.99385464,0.98296666,1.6334237,1.1728687,1.1516144,0.9980314,1.0598315,1.0109814,1.2125623
1200,1.2718079,1.3815567,0.96431893,0.9229243,1.6243746,1.0276505,1.1266923,0.7908687,0.70280206,0.71780455,1.0220389,1.0107228,1.0439597,0.9067122,1.2412131,2.5031316,1.0003034,1.0402613,1.0135789,0.5645094
1201,0.9654251,1.4253128,1.068016,1.171412,1.4944036,1.1891032,1.558341,1.3292357,1.5605133,1.236578,1.0120906,0.99168885,1.0033033,0.73051083,1.1750108,0.9295826,1.01439,1.0826721,0.9914391,0.63030225
1202,1.0891399,1.5343289,0.7314107,1.6471169,0.9132863,1.4319474,1.5441066,1.1074736,1.490501,1.7633497,1.0408741,0.99321544,1.0290096,0.56954896,1.1918373,1.38644,1.0217065,1.0409607,0.99082226,0.4101962
1203,0.94057876,1.8860252,0.5759169,1.4153132,0.9645262,1.9539441,1.1536375,1.7035011,1.3434424,2.7393754,1.0104853,0.9874423,1.0216273,2.667252,1.1997937,2.351724,1.0222428,1.1099732,0.9877055,0.28654912
1204,1.0210907,0.7404681,1.6826315,1.2482011,1.1204745,1.5046414,0.9513574,0.8334256,1.0326371,1.5992337,1.0251799,0.9844481,0.9874159,1.954899,1.1842762,1.1453857,1.0040098,1.0133018,1.0065057,0.93157357
1205,1.127233,1.4012117,1.7380896,1.5384107,1.1937693,1.9796909,1.6735042,1.7178732,1.9753963,0.5195985,1.0488365,0.99326557,0.999977,0.7969259,1.0302944,2.5903733,1.0182014,1.0073817,0.9859209,0.8210986
1206,1.4866202,1.2738767,1.4934108,1.5688791,1.2790079,1.4348155,1.3723701,1.2814605,1.6077545,1.2883862,1.0933344,0.9944106,0.9802139,0.8438939,1.1120006,0.5076879,0.97989476,0.8586863,0.99942344,1.4663985
1207,1.7689393,1.178756,1.8559988,1.1726881,1.4957191,1.626908,0.6791517,0.6844573,0.4277755,0.8089205,1.0364461,1.0086057,1.00677,2.874268,1.1529754,2.214617,0.9712827,0.8304629,1.0251445,1.3917944
1208,1.5773201,1.3066747,1.6834533,1.5652437,0.87491465,1.7230812,1.2975025,1.606516,1.2462667,0.8863431,1.0075743,1.0027177,0.983019,2.8046556,1.0632259,1.004589,0.988617,0.86328065,0.9934037,1.4923897
1209,1.1248076,1.3194954,1.2319026,1.0219684,0.80996484,1.8837696,0.82797164,1.889887,1.1011689,2.2905416,1.0125521,0.9765351,0.9876733,2.1814313,1.1618407,0.35947576,1.0092099,1.090439,0.9957888,1.1296003
1210,1.6406002,1.0232177,1.2700648,1.1152604,1.5027825,0.3579077,1.396772,0.61560756,0.956368,2.5592375,1.0640262,1.0017989,0.98287785,2.8568377,1.2919701,1.7351205,0.96984637,0.91051227,1.0204431,1.0404043
1211,0.7769833,1.2908146,1.3468719,1.0481952,1.7476507,1.6527497,1.0636388,1.2867773,1.3002565,1.4104942,1.0184085,0.99095553,1.0335311,1.6813309,1.1690162,2.2180612,1.0276654,1.1349622,0.9858971,0.33959672
1212,1.0107574,1.0004203,0.94629973,0.98663366,0.85482305,1.0454291,0.9411374,1.4721961,1.1226785,1.2565283,0.99354243,0.9988135,0.99817634,1.3917415,1.1845487,0.58978415,0.9927403,1.0651355,1.0039622,1.1076663
1213,1.0208163,1.1683364,2.1960392,1.0305345,1.7077333,1.7386185,1.2329359,1.9334859,1.7757441,2.525013,1.0709097,0.9823378,1.0039493,1.48478,1.0879524,1.5334506,1.0265826,1.1179591,0.9798924,0.30616122
1214,1.4672177,1.3676648,0.56853616,1.8313789,0.61118704,1.1565181,1.3887212,0.60152787,0.8957063,0.7841424,1.041878,1.0129205,1.0199802,1.646841,1.2148441,0.6540332,0.9776877,0.8121882,0.99981695,1.52093
1215,1.4879484,1.7486515,1.3818204,0.9142334,1.6087451,1.4779416,1.2871492,1.6086869,1.2113798,2.0538802,0.99446523,0.986939,0.9545403,2.9791632,1.1782529,1.7381859,0.985896,1.0132713,1.020728,1.0098584
1216,1.7315094,1.2328434,0.8014976,1.5860379,1.5628482,0.77918285,0.7395849,1.160042,1.3967581,1.6065286,1.0271466,1.0109072,0.98644316,2.8507075,1.146384,1.7578394,0.957187,0.83001757,1.0198514,1.3150697
1217,0.8269238,0.8966089,1.8821471,1.4516149,1.5555029,1.2666248,1.9845687,0.7817741,1.8241692,0.60647476,1.0510268,0.9890226,0.947572,1.5807229,1.1503171,1.5319097,0.99202925,0.9333895,0.994069,1.2374742
1218,1.1909342,1.2195168,0.5772522,1.4807936,0.7258806,1.5397834,0.47259504,1.2693431,0.95477337,0.67486584,0.9845453,1.0058744,1.025454,1.6247823,1.1339118,0.56659067,0.9882245,0.9532101,1.003153,1.3275735
1219,1.7336111,1.7431662,1.8221085,1.290108,1.4633435,1.5605289,1.6550474,1.5970439,1.4172572,0.46765152,1.021623,1.0117923,0.98557556,2.7386274,1.0503153,1.6605046,0.9772051,0.8364581,0.9959609,1.5831242
1220,1.2085152,0.9080891,0.72429603,1.7050297,0.60539204,1.376945,1.0031217,1.619884,1.2451805,0.6243669,1.020353,1.0029397,0.98958343,0.6350354,1.1502194,2.0871136,0.99428606,0.9807193,1.0109607,0.8944394
1221,1.4577069,0.7172963,1.5735345,1.6811547,0.6711291,1.5162584,1.4745803,1.4313606,0.9298997,1.3082548,1.0402516,0.9926537,0.9384265,2.4646134,1.2003833,3.0528066,0.98942137,0.9166349,1.0196365,0.9858603
1222,0.9614766,1.7988591,1.1765282,0.45292282,1.5045794,1.6827042,1.2926987,1.4818537,0.682624,0.61601055,0.97555083,0.99380165,1.015588,0.7743521,1.2155008,1.2035552,1.0153316,1.1648134,1.0054064,0.7264051
1223,1.0616176,0.89181334,1.2107332,1.0908973,1.2543917,0.9579701,0.761035,1.7473783,1.4366332,0.7149594,0.9543352,1.0097501,1.0031254,2.69621,1.0786315,0.80725217,0.9890142,1.0139308,0.98870194,1.248898
1224,1.0568635,1.0120034,1.7786634,1.8459167,1.6250005,1.5813571,1.6958005,0.6543123,1.8793545,1.9159936,1.0967758,0.97448075,0.9804186,1.2098058,1.1538203,1.1884518,1.0156633,0.9374714,0.986321,0.75604516
1225,1.4412377,1.2723289,1.7033486,1.1166687,1.6662357,1.2256154,1.3841398,1.2978597,1.5365242,2.5620117,1.1141794,0.98351496,0.9782329,1.6328043,1.190252,0.4784836,0.9872879,0.9615622,1.0013542,1.2579703
1226,0.99046487,1.2950435,0.6749813,1.4868053,0.7549974,0.73164266,2.0295517,0.84472066,1.4754813,1.1174448,0.98618716,1.0066141,0.9947383,2.3680243,1.2348809,2.183964,0.9987458,1.0022439,0.9969122,0.8640426
1227,0.83321327,0.82445484,0.8811182,1.1335678,1.1958313,0.8696639,0.6440569,1.7989492,1.4553146,2.074833,1.0418332,1.0133868,1.0532634,1.5633467,1.1578664,2.4461398,1.0055395,1.114389,0.9819143,0.24848579
1228,1.6171093,1.2941353,1.2194159,1.1052146,1.1275269,0.8824739,1.0497162,1.5206004,1.0645905,2.511823,1.0994892,1.0162472,1.0341003,0.9786519,1.1987348,2.4435694,0.9832429,0.98212767,1.0118413,0.4342069
1229,1.2072198,1.1169221,1.4423988,1.2222176,1.3778781,1.2351576,1.2527623,1.4153252,1.5228299,1.185895,1.0061679,0.9982567,0.97016793,2.728013,1.1302181,2.4265177,0.9857326,0.9806404,1.0079465,1.0931304
1230,1.1983628,1.3317628,1.5457435,1.278907,1.2496847,1.3213786,1.7400877,1.5753573,1.7394576,1.002638,1.0293695,1.0004641,1.0125909,1.1684903,1.0995352,2.403951,1.0170267,1.0486023,0.9880697,0.6075586
1231,1.2780268,1.3195746,1.5418408,0.94265467,0.9142139,1.0211507,1.9123955,0.7462126,0.7077755,2.6281884,1.0613017,0.9953074,1.0109301,2.203904,1.3101302,1.5942878,1.0077702,1.0356181,0.99967206,0.6143315
1232,1.2253742,1.1019068,0.8973667,1.3850987,1.4884456,0.92254966,0.9577239,1.5134071,1.6915629,0.9935981,1.0244844,1.0086591,1.0337628,0.74624884,1.1085047,2.2182581,1.003634,1.0358365,0.99695265,0.5359007
1233,0.6269639,1.0641279,1.0194926,1.6099036,1.0749408,1.5427848,1.5249543,0.8659466,1.6199496,0.39463845,0.99207276,0.9913969,0.958699,2.5250711,1.1680651,2.0208132,0.9909222,0.9626387,0.997732,1.335757
1234,1.1126261,1.36251,1.0918868,1.1100013,1.5715107,1.4701723,1.0292974,0.9930702,1.0203034,0.7560791,1.0423315,0.9928174,0.9900782,0.45536745,1.1994294,0.39789817,0.9848208,0.9704306,1.0115122,1.2475579
1235,1.6327555,1.3974042,1.7026544,1.1203799,1.2151086,1.408187,1.3779604,1.3080789,1.1396872,2.107874,1.0564511,0.989867,0.9777901,1.7592125,1.1738582,1.4248153,0.9908424,0.9649685,1.0168606,0.9869414
1236,1.2340457,1.6712418,1.2129467,0.9850385,1.5174985,1.5078946,1.2779455,1.9052956,1.5300848,1.319112,0.99595463,0.99184084,0.98219943,1.5678629,1.1214916,1.4950426,1.0005423,1.0689299,1.004143,0.8657767
1237,0.73670536,1.3194723,0.38783187,1.5607466,1.063575,1.0071937,1.5543836,0.94224614,1.5267508,1.446772,0.9794883,0.9994933,1.0289339,2.211864,1.227162,2.214985,1.0214483,1.0862856,0.98304284,0.40469414
1238,1.3382843,1.3720121,1.5279245,1.3622298,1.339259,0.77795404,2.2800975,0.9643234,1.6055362,2.1810472,1.1116445,1.000585,1.0089059,0.59453666,1.2243038,1.5561434,1.005189,0.9725028,0.98825985,0.5153959
1239,1.6260624,1.633801,1.3777261,0.84418744,1.4845124,1.4442571,0.99862415,1.7693449,1.0037671,3.0079932,1.119331,0.98933744,1.0205835,0.7034639,1.2085063,0.79401493,0.9965782,1.0302557,1.0022094,0.76023686
1240,1.2274415,1.0071781,0.91320413,1.1772904,1.7875491,0.79930896,0.53314304,1.5302416,1.3544477,1.5810782,1.1033542,1.0228179,1.0642569,0.32828343,1.1575518,2.9820213,0.98643494,1.0105923,0.9983943,0.31136847
1241,1.4828911,1.8909085,0.64726275,1.1965435,1.5092713,1.3834502,1.2019126,1.2047273,1.0475522,0.9149201,0.9956187,1.0050757,0.9711689,2.8090973,1.2052416,2.5942214,0.9640306,0.9118887,1.0287168,1.3445656
1242,0.8813886,1.5461171,0.7206661,0.92283624,1.7528164,0.9920828,1.2327602,1.3220447,1.133651,2.198504,1.0433254,1.0072618,1.0351784,2.1109405,1.2695713,2.615108,1.0008467,1.0961745,0.9907316,0.28911072
1243,0.80362886,0.89133745,1.5873954,1.3858373,1.4177172,1.6755606,1.0466695,1.492907,1.7940803,1.7406296,1.0385299,0.9749339,0.9902589,1.2849098,1.1050795,0.5422815,1.0213032,1.0724666,0.98017335,0.817531
1244,0.97002774,1.1448948,1.3166809,1.1961467,1.6410425,1.518737,0.9629902,1.5397447,1.6382792,0.43128505,1.0251013,0.9922452,0.9660917,0.6412369,1.0989296,0.97148204,0.98348397,0.9908112,1.0076828,1.2613652
1245,0.93968505,1.427876,0.4128948,1.0850735,1.6130769,1.1392218,0.54078364,1.5706578,1.1453185,2.4950352,1.0540028,1.0035437,1.0447407,1.1691778,1.2363614,1.7227423,0.99811935,1.0951271,0.9953714,0.2629964
1246,0.9709912,1.0854495,1.7493505,1.2544258,1.3107173,1.1202654,1.8057853,1.4782153,1.7214752,2.3320851,1.0766426,1.0010185,1.0167617,2.1470323,1.161972,2.795492,1.0161443,1.0561566,0.97419214,0.3005255
1247,1.1953609,1.2438846,1.3181732,1.6573477,1.5254617,1.4304456,1.5548774,0.6531157,1.5648141,0.85384357,1.0886116,0.988674,0.9530953,0.43850005,1.1807271,0.88024044,0.9740487,0.85166717,1.0149866,1.3875635
1248,1.0523582,0.7825213,1.2076485,1.6054144,1.2756393,1.5441478,0.40921074,1.3839617,1.5232553,1.9125413,1.0418404,0.99354666,1.0353721,1.5311272,1.1017503,2.2159984,1.0156075,1.0435174,0.9931326,0.37140992
1249,0.6213015,0.7636698,1.503331,0.6483828,0.9355062,1.1527892,1.0865786,1.7012572,1.0988212,1.1923953,0.9516062,1.002304,1.0399617,2.4828558,1.154181,2.2166984,1.0330671,1.2315469,0.9773864,0.39591205
1250,1.0102553,1.31231,1.07021,1.2222915,0.86129916,1.9105463,0.68069786,1.5574915,0.96705484,1.7422656,1.0476321,0.99988323,1.0611699,0.7962619,1.1569192,2.344801,1.0231053,1.1071923,0.99289334,0.2640046
1251,1.2283795,1.2327693,1.4596105,1.0435668,1.4035186,1.086187,1.4341556,0.97566026,0.9780169,0.47452465,1.0289075,1.0082486,1.013671,1.2556711,1.1724734,0.28731242,0.9890812,0.9387461,0.9915261,1.351033
1252,0.84773,0.65064675,1.4538486,1.5211189,1.4011526,1.0692557,1.2933378,0.33331943,1.2338427,2.0499556,1.0263159,0.98852,1.0096898,2.8298702,1.2386185,2.1524274,1.0173879,1.0211987,0.99169487,0.43415236
1253,1.0301235,1.101901,0.9720971,0.9207427,1.0226146,1.1054476,1.0544119,0.9768732,0.7097182,2.090408,1.0168715,0.98977005,1.0108947,2.3640118,1.2793524,0.42313662,1.0007478,1.0589364,0.99647814,1.0918908
1254,1.0611734,1.2431798,1.4087181,1.3391688,1.7742218,1.6627656,0.898058,1.230578,1.5211811,1.3578744,1.0605853,0.99294925,1.0382173,0.5314485,1.1234301,1.9017315,1.020852,1.0658897,0.9953382,0.3716651
1255,1.2700713,0.8602703,1.2039571,1.9248195,0.8346671,1.6488495,0.9189432,1.0805988,1.512286,0.92544365,1.0418358,0.9968916,0.9772775,1.9334569,1.1062647,2.6346424,0.9838204,0.8812557,1.0147924,1.1681556
1256,0.89576083,1.2327232,0.72889775,1.1870837,1.0058237,1.5183892,0.7885775,1.3395021,1.1268291,0.63418365,0.983377,0.99653316,1.0071632,0.8052262,1.164195,1.0414141,1.0002817,1.066334,1.0078222,0.95141405
1257,1.0431755,1.5079603,1.7812238,0.61342907,1.7460346,1.7138916,1.1380609,1.14102,0.8649774,1.3136424,1.0522654,0.9955966,1.0467551,0.30615437,1.1997854,1.351966,1.0247691,1.1543345,1.0051779,0.36981195
1258,1.6596222,1.7247765,1.0943773,1.1479508,1.0025071,1.6834725,0.9332193,1.8855681,1.1435947,1.5504292,1.0015893,1.0029148,1.0238557,1.9701227,1.1095698,2.9552536,1.0043973,1.0439278,1.014818,0.63289505
1259,1.7384388,2.151391,1.0335453,0.96445704,0.8084544,1.8258294,1.3707099,1.9046175,0.7052804,1.9258183,1.0215921,0.9950744,1.0137999,1.9824103,1.1831954,0.39283416,1.0002124,0.99667555,0.9983289,1.2606847
1260,0.77345735,1.6641977,0.6222488,1.0672226,0.75038636,1.4619292,1.7614963,1.3895398,1.0771968,0.44262007,0.9530857,1.0062637,1.0489849,1.7002174,1.2061802,2.8688412,1.0346227,1.1696178,0.9829754,0.4318558
1261,1.3880341,0.9630546,1.9750957,1.0137649,0.9998735,0.83787674,1.8487518,1.2889148,1.3209559,1.1311144,1.0576602,1.0112066,1.027256,0.5838722,1.1415354,2.1920955,1.011731,1.0374308,0.99509263,0.53834283
1262,1.1982794,0.66339356,1.5054317,1.6483915,0.6510805,1.6604439,1.1761148,1.5579814,1.1534448,1.2881078,1.029676,0.9856819,0.952132,1.481713,1.1574113,1.7353702,1.0015497,0.9803455,1.0102105,0.9191301
1263,1.7120678,1.212863,1.4111967,1.425389,1.5368693,1.3513149,0.9400169,1.2054766,1.334067,2.798387,1.1496135,0.9821203,0.98994756,1.0566028,1.1887374,0.39977112,0.9788874,0.8772223,1.0057436,1.3281665
1264,1.2892761,1.008003,0.7755198,1.7217731,0.6927383,1.4496094,0.92243594,1.7506946,1.3023651,2.3894753,1.0350933,0.9844254,0.9732481,2.9447474,1.1801494,0.5487118,0.9922395,0.9443579,0.9890205,1.3605468
1265,1.2337332,1.4297504,0.95669067,1.3003349,1.5627469,1.5255145,0.6379107,1.7736659,1.4812777,2.9075377,1.037377,0.9867666,1.0071652,2.4729767,1.1576815,1.8237731,1.0037364,1.0571169,0.9978759,0.492674
1266,1.2677753,1.0847318,1.951468,0.9220683,1.54942,1.4092807,1.0746112,1.7763749,1.4186931,1.5797778,1.0528178,0.9960142,1.020928,0.6733893,1.0931258,1.7211463,1.015943,1.0888543,0.99414796,0.45344478
1267,1.4443879,1.3156655,1.0027316,1.3969133,1.6736233,1.3170303,0.7015961,0.7878836,0.9211641,0.52805734,1.0225725,1.0086045,1.0042405,1.8678882,1.1622803,1.2719421,0.96890527,0.8543922,1.0167155,1.3797083
1268,1.5294514,1.5284958,1.4383724,1.2521033,1.7921895,0.710566,1.8884192,0.77262205,1.6022615,2.2268167,1.0613575,1.0013511,0.9920993,2.3289886,1.2288015,1.9793615,0.991049,0.96959054,1.0150672,0.7107074
1269,1.1856081,1.4851317,1.6296098,0.9863817,1.0540574,1.5941445,1.5891067,1.8032548,1.4610379,1.5271504,1.0016897,0.98701376,0.97823656,1.4969412,1.1240786,1.0510788,1.011873,1.0839977,0.99840164,0.8558518
1270,1.4741168,1.7591329,0.820391,1.0627747,1.4544274,0.5989503,1.8578606,1.2163494,1.2351086,2.2797875,1.0795369,1.0101421,1.0162666,0.9438478,1.2735776,1.7389343,0.9872465,0.99485356,1.0041623,0.55458754
1271,1.2432048,1.3691409,0.7546764,1.4094298,1.5295217,0.4193396,1.6691618,0.8763516,1.3387566,2.7849624,1.1454105,1.0207945,1.0374284,1.015035,1.3019813,2.7646716,0.97865486,0.9347378,0.9954925,0.24835595
1272,1.6476266,1.2663846,1.3830101,1.3968792,0.68079853,1.2692691,1.641711,1.1899732,0.6780528,1.897909,1.0488138,0.9989103,0.9914727,2.8003974,1.231758,0.736974,0.99096346,0.88707674,0.9942609,1.3773603
1273,1.705538,1.0704639,1.2139812,1.5363355,1.1530616,0.7407488,1.1984429,1.0952996,1.4004654,0.5846547,1.0581483,1.0201395,0.99356866,0.88271296,1.1157811,1.3370266,0.95902276,0.8140569,1.0182369,1.4140027
1274,0.8381621,1.1863098,0.6864316,1.3577893,0.74461305,1.2428526,1.0801811,1.2685193,1.1209035,2.726585,1.0138174,0.99910796,1.0297536,2.912342,1.2480372,2.373239,1.0130845,1.0941039,0.9886694,0.29401675
1275,1.6217613,1.4282432,0.98364264,1.507441,1.4634864,1.5016638,0.6665141,0.86791795,0.82434034,1.5083293,1.0653592,1.000787,1.0300454,2.0410633,1.1766005,0.47944406,0.9808546,0.8429948,0.9994664,1.4351239
1276,1.8004808,1.6434958,1.5329256,0.9859079,1.7680855,1.5938233,0.9512721,0.9736681,0.6609942,1.5527209,1.0503895,0.9974928,0.9904394,2.0524454,1.2043552,2.7008607,0.9777861,0.9276233,1.0380081,0.9444152
1277,0.8571711,1.3118265,1.0406208,0.57924354,1.3411006,1.2886456,0.9322458,1.5853778,0.9122524,1.0114244,0.9426698,0.99432176,0.98467004,2.270575,1.2013565,1.0666742,0.99693483,1.1367517,1.0085946,1.0070179
1278,1.5948305,1.5568643,1.4037199,1.6065917,1.7353102,1.6324099,1.3134403,0.6320279,1.3762519,2.586612,1.1488711,0.9801457,0.9823036,1.7417787,1.22757,0.6313025,0.9793675,0.84127384,1.0108627,1.4232056
1279,1.1424088,1.1174831,1.3483574,1.1318552,1.0118674,1.4596022,1.1787567,0.76795167,0.7320707,0.8834647,1.0113358,1.0016733,1.0271674,1.733559,1.2084655,2.560795,1.0090235,1.0333786,1.0090896,0.7079977
1280,0.7707339,1.0020916,1.2930942,1.3072075,1.5280272,1.1775728,1.438571,0.878877,1.4340696,1.2079096,1.0351735,0.99490386,1.0320781,0.8863052,1.1900424,1.7323515,1.0257667,1.0836228,0.98203176,0.35254693
1281,1.0819845,0.8601168,1.4858456,1.2157639,1.3413669,0.6358642,1.7006767,1.3689147,1.7819134,0.5751153,1.0339892,1.0143725,1.0291747,0.80039394,1.1130011,2.5117214,1.0100956,1.0461943,0.9839861,0.5761693
1282,1.0627527,0.62292165,1.3576114,1.3758028,0.79454744,1.3749286,0.66295004,0.6382063,0.6569388,1.4768815,1.0805026,1.0097972,1.0723212,0.7215022,1.20923,2.715246,1.0125302,1.020092,1.0009905,0.3094199
1283,1.0358517,1.5930364,1.1332977,1.3983202,0.9785812,1.9964498,1.5403445,0.8605711,0.99651647,0.34590688,1.0258942,0.9985298,1.0436159,0.78810394,1.1768887,2.8935058,1.0264792,1.0420854,0.9967737,0.58113873
1284,0.838618,1.3200772,1.0566893,1.190315,1.7962047,0.8993558,1.3645806,0.80643123,1.4112014,2.5934741,1.1034966,1.0087585,1.0455168,1.6439079,1.2797887,2.251932,1.0022544,1.0611169,0.9929707,0.19512105
1285,0.9458669,0.9715405,1.3191297,1.7155173,1.28261,1.1393672,1.7257681,0.7687209,1.6938272,0.99630296,1.0865237,1.0064973,1.047533,0.47208917,1.1588361,2.8408573,1.0210878,0.9948818,0.97852945,0.3237227
1286,0.94589573,1.9228549,0.8714823,0.8957359,1.5280579,1.7197801,1.4250171,1.7951403,1.3252697,0.82547057,0.9580315,0.99649554,1.0187956,2.354465,1.1545078,2.8549216,1.0216221,1.1497285,0.99041593,0.5930581
1287,1.5576127,1.8840876,1.0293524,1.4650793,1.255356,1.7318398,1.4114723,1.6440562,1.5947404,0.6785718,1.0340396,1.0001906,0.9559483,1.4912014,1.1013316,2.0497005,0.96717405,0.8767445,1.0222455,1.4804702
1288,0.65297323,1.1873574,1.4686394,1.2122343,1.5655712,1.4614805,1.3552914,1.704573,1.7445495,2.542101,1.0946305,0.9928431,1.0318428,0.9304389,1.1628611,1.7745998,1.0251182,1.1197355,0.96537447,0.089925036
1289,1.2163837,1.9076221,1.660568,0.7187197,1.9116784,1.2498039,1.7820925,1.3275108,1.7955787,0.8947654,1.0602859,1.0061312,0.98890764,0.7495674,1.1622746,0.6129011,0.98489296,1.0567222,1.0234967,1.2241883
1290,1.6889272,1.2631752,1.6886437,1.927294,1.4597477,1.7270304,1.3425279,0.6090631,1.5273001,1.2596751,1.115565,0.988319,0.9409686,1.0221008,1.1352931,1.8306332,0.9625872,0.749289,1.0334152,1.4210956
1291,1.3637974,1.1178067,1.4847343,1.4906635,1.7002463,0.89408106,1.5669653,1.0107126,1.8444828,2.209389,1.0724845,0.99032295,0.95779777,2.5332274,1.1789756,1.4945276,0.97939193,0.90905833,1.0060859,1.1381919
1292,1.222163,1.8856635,0.5735665,1.146837,1.8401968,0.7980961,1.4789058,1.0600346,1.4166908,2.4236104,1.1117651,1.01364,1.0455855,0.60820854,1.2847674,1.7840993,0.9895019,1.0282154,1.005318,0.36201912
1293,1.9990213,1.9496107,1.2237284,1.3858548,1.1213318,1.5291184,1.4829383,1.5362586,1.2991267,1.50625,1.0613035,1.0042576,0.98996955,1.1351789,1.1313097,2.5905972,0.9798675,0.8989887,1.0292249,0.961098
1294,0.7305129,0.48092848,1.4942436,1.4703493,0.7933231,0.99718994,1.3233602,0.9261116,1.4186319,2.4106245,1.0660942,0.99542814,1.0336913,1.6536504,1.2039354,1.5399345,1.024014,1.0701308,0.97394294,0.32694864
1295,1.4398301,1.4263258,1.1251495,1.4590408,0.834084,1.594201,1.1380789,1.4441051,1.2368993,1.85789,1.0206918,0.99200857,0.9853488,2.6668396,1.1488391,1.0052587,0.9897854,0.93592536,1.0020684,1.3141801
1296,1.2603431,0.8883143,1.9185934,1.1496191,1.6380631,1.4182407,0.9021906,0.74909896,0.9869226,2.2900543,1.0398333,0.9865397,1.0034485,2.710062,1.1978759,2.0910976,1.0087708,1.0238886,1.0107352,0.5311545
1297,0.82496375,1.4933496,1.0541604,0.77757066,0.7834214,1.9128674,0.83742374,1.7970406,0.74197686,2.8695323,1.0174515,0.9835518,1.0363628,2.0716646,1.2338978,1.0563003,1.029168,1.2002769,0.9845934,0.4062347
1298,1.137183,1.5758603,1.2000995,1.0764229,1.9016386,1.3644298,1.2307107,0.9745116,1.4102895,0.80647695,1.0242242,1.0055282,1.0047491,2.2651877,1.1832197,2.6657362,0.9886316,1.0167801,1.0191,0.9694994
1299,1.1366999,0.4940017,1.50492,1.1706977,1.07851,0.66654414,1.0888318,0.60496247,0.8521019,2.8920634,1.1053118,0.9985388,1.0314496,1.8865622,1.2873164,1.3468738,0.9991174,1.0009167,0.99316144,0.6264417
1300,0.7665624,1.1603627,1.5376563,1.1920713,0.9975244,1.2957441,2.0603087,0.9879936,1.4537388,0.65345764,1.0200744,0.9920801,0.99293405,0.46431863,1.1829541,0.8186312,1.0187522,1.064747,0.98685426,0.82594496
1301,0.48584193,1.0288067,1.4937668,1.5094135,1.1582268,1.399515,1.9132513,1.0448043,1.7290174,2.8259754,1.0805085,0.9835632,1.0178033,2.0475445,1.2253171,1.6676362,1.0360405,1.0964513,0.95738435,0.18475963
1302,1.475193,1.1463759,0.9676357,1.2603781,0.6688869,0.92427105,1.1956649,1.3579324,0.8460555,2.7200484,1.0573126,1.0050503,1.0103754,1.9737165,1.2591171,2.0297246,0.99116486,1.0023429,1.0110166,0.56764245
1303,0.86082655,1.2880368,0.823073,1.2957563,1.734808,0.92030495,1.2969245,1.0844659,1.3950018,2.4712477,1.0844622,1.0057895,1.033744,1.8204211,1.259182,2.6271348,0.9998901,1.035351,0.98481077,0.2225242
1304,0.6846699,1.0457041,0.6791062,1.5870073,1.0075116,0.9232511,1.3729115,1.1618282,1.5322826,2.4334633,1.1049237,1.014883,1.0618657,1.2797405,1.2382737,2.933987,1.0087242,1.0414011,0.9709685,0.07361691
1305,1.8772273,1.3923409,0.9541593,1.6223938,1.3997737,0.65249246,1.4935856,0.80666274,1.4217935,1.4284791,1.062091,1.0134742,0.9533045,2.5353055,1.2013301,2.9345703,0.9425817,0.7716739,1.039288,1.3884833
1306,0.8002028,0.9765995,1.3420513,0.656689,1.514753,0.87855405,1.3168061,0.97888315,0.863878,0.82312214,0.9792417,1.0036567,1.0339733,1.6815556,1.2325686,1.9331458,1.0188395,1.1519283,0.9927187,0.49138594
1307,1.2540007,1.4100902,0.5339197,1.2903686,1.5077264,0.798629,1.1282988,1.2555315,1.4220518,1.3940368,0.9983213,1.005421,1.0087111,1.7435781,1.1955209,1.9775083,0.9906462,1.0176547,1.0087458,0.7061628
1308,0.8999546,0.38690025,1.2628243,1.2875412,0.72278285,0.74632853,0.76809305,1.8224527,1.7094861,1.8599902,1.0463591,1.0064232,1.0491613,0.3387009,1.0975876,0.96159184,1.0177803,1.1177387,0.9760401,0.3977172
1309,1.2398436,1.7326646,1.171421,0.92003745,1.0614268,1.435171,1.7824316,1.0141042,0.827677,0.5266206,1.0125597,1.0006758,0.97699094,1.0344929,1.234145,1.3750223,0.9842527,0.98501813,1.0204059,1.2441146
1310,0.61433226,0.80631536,0.95573956,1.1874661,1.3267535,1.0778316,0.9716113,1.2104247,1.4070337,0.867653,0.96812403,1.0001749,1.0402495,1.9340774,1.1602038,2.1871245,1.0266961,1.1476822,0.98069394,0.42198095
1311,1.4254668,1.734411,1.3592179,1.3037945,1.5122596,1.19535,2.140179,0.9475444,1.4481151,2.110347,1.0628304,0.9866102,0.9654427,1.9714156,1.2376008,1.3992982,0.9936265,0.9461774,1.0044967,0.97956467
1312,0.70810896,0.8095929,0.97379786,1.0744877,0.985463,0.6948165,1.3448318,0.9821684,1.0931948,2.0155332,1.0778648,1.0048215,1.0568781,0.25103033,1.2719058,0.81352997,1.0163683,1.1083415,0.97594786,0.37592608
1313,1.2284801,1.6796339,1.038034,1.3637707,0.90431345,1.4462551,1.7153192,1.5220681,1.5173423,1.8754071,1.0090476,0.9930279,1.0102577,1.5408441,1.1634669,1.7484648,1.0206747,1.0718381,0.9933122,0.48604363
1314,0.89553255,1.3923464,0.7924729,1.0869613,1.1194957,0.68277925,1.8468274,1.2694973,1.3588585,1.8389491,1.0204606,1.0108627,1.0297964,1.9097217,1.2514583,2.3340528,1.0093322,1.0949004,0.9835023,0.3653754
1315,1.4293678,1.6806846,1.2433503,1.5129693,1.3068457,1.7180947,1.3243564,1.4081924,1.4605573,2.7709222,1.0390778,0.9860994,0.99279314,2.9566965,1.1683011,2.6175733,1.0073605,0.9973467,1.0033177,0.50200135
1316,1.5519397,1.5884986,0.5264818,0.8275445,1.030507,0.8096408,0.7916035,1.8609616,0.9412954,1.9473053,0.9796908,1.0129642,1.0241458,1.8402283,1.1979401,1.8909764,0.9873058,1.0825559,1.020029,0.6235373
1317,0.96612805,0.6728415,0.87563425,1.3132052,0.6444401,0.7700841,1.0341988,1.7200834,1.1349999,2.5104616,1.0372363,1.009585,1.0155575,2.2870393,1.2326168,2.492949,1.000371,1.0751548,0.9909746,0.3309723
1318,0.7244722,1.2091644,0.6223594,1.6495271,1.3592558,1.7843851,0.6529123,0.5535773,0.9177824,2.9050598,1.1002976,0.98374355,1.0491923,1.4397229,1.2960229,1.6222339,1.0169102,1.0308585,0.98766637,0.25151974
1319,1.726867,0.77689344,1.6070755,1.4456732,0.95091486,0.8642675,0.85166603,1.7192507,1.5432682,1.3487107,1.0611267,1.0149388,1.0170319,1.6405396,1.0407043,0.66972363,0.9770351,0.8693973,0.99206483,1.4215353
1320,0.91095716,1.1797631,1.6025889,0.8273283,1.2630028,1.6390253,1.1324118,1.8675967,1.3956679,0.6451092,0.97253865,0.99274933,0.9623149,2.4105458,1.1013999,1.7636886,0.99318343,1.0708201,1.0029367,1.2615187
1321,1.822804,2.0711381,0.9724428,1.331886,1.1244186,1.5943464,1.4044051,1.7244285,1.3429105,1.7499412,1.0407394,0.99961627,1.0125386,0.75642836,1.1343948,2.1083984,1.0005634,0.9916849,1.0173413,0.6210891
1322,1.6157789,1.5624876,1.1892297,1.1232784,1.5551747,1.3137528,1.0373555,1.1453135,0.93519425,0.43649283,1.0425327,1.0103056,0.9984301,0.6864891,1.154886,1.2099187,0.9684798,0.8872648,1.0235832,1.3316166
1323,1.0718198,1.2102664,1.4628682,0.930627,1.2272648,0.80447215,1.911987,1.204701,1.3495936,1.0547901,0.9910599,1.0012435,0.96225095,2.3605824,1.2009319,1.2714754,0.98671824,1.0101329,1.0022329,1.1799184
1324,1.5419095,1.1981177,0.90606546,1.3519862,0.83036965,0.48644012,1.6156995,1.3827865,1.4762685,2.5714126,1.0651789,1.0035539,1.0024644,2.494988,1.2144899,0.7021307,0.9824706,0.9332849,0.98836327,1.294214
1325,1.7972834,1.9789429,1.0998344,1.1986079,1.489215,1.6392976,1.1419802,1.6350932,1.2304816,1.933473,1.0157859,0.99383074,0.9648973,2.7743196,1.1549559,2.543341,0.975932,0.9397952,1.0309869,1.0582018
1326,2.099264,1.8417578,1.0950294,0.94997126,1.593123,0.9527444,1.0605658,1.7413343,1.1357709,1.8999585,1.0420015,1.0084332,0.98466754,1.3335067,1.1613111,1.9681599,0.96461266,0.93548775,1.0391144,0.94963545
1327,0.8727618,0.65174884,1.465178,1.7274563,1.1244605,1.8058537,0.8090262,0.55239654,1.228109,1.0182317,1.0256388,0.9876776,1.0043052,2.3221996,1.1497208,2.5332198,1.0096707,0.969805,1.0014684,0.8399284
1328,0.80147105,0.96892124,0.9047309,1.1106358,0.6963053,0.7717828,1.4394926,1.4026415,1.1019152,2.4676428,1.0198846,1.0085784,1.0265756,2.5990572,1.2645996,2.369058,1.0095389,1.1134052,0.98383856,0.30107972
1329,0.8190984,1.6242521,1.0989172,0.7843369,1.8402935,1.2271196,1.238492,1.5385785,1.4697248,1.8533939,1.0419037,1.0065796,1.0476036,1.5174695,1.2043968,2.0906112,1.0149993,1.1701456,0.9911891,0.27570635
1330,0.83488494,1.243458,0.8646248,0.98022085,1.1717314,1.0616189,1.3898822,1.0790993,1.0479165,0.5419905,0.98101395,1.0064312,1.0367172,1.1572635,1.2137759,1.9838576,1.0159495,1.117112,0.99377227,0.5884962
1331,1.2147067,1.1287417,1.522383,0.8749093,1.685985,1.153864,0.8279752,0.987458,1.0940664,1.87646,1.0685272,0.9990347,1.0430726,0.73094094,1.2055234,0.9305686,1.0082325,1.0923312,1.0110375,0.5677438
1332,1.0792708,1.0696204,1.0007782,1.3826754,0.6766445,1.521871,1.0436245,1.7460984,1.1151189,2.4113755,1.0132915,0.9861696,0.99699455,2.003602,1.2009683,1.4723512,1.0178182,1.0942289,0.9951633,0.49770832
1333,0.5050933,1.246568,0.694467,0.9255625,1.2367315,1.1219536,1.385915,0.92316604,0.94143844,1.0894085,0.95012265,0.9981111,1.0388167,2.309657,1.2685347,1.9929574,1.029708,1.1858227,0.98319703,0.37797615
1334,1.3656609,1.3437488,1.5823684,1.6267829,0.6933738,1.9486312,1.950079,1.723435,1.1896533,2.0959876,1.0483634,0.97329444,0.95169616,1.1881741,1.1976814,1.4283328,1.0254216,1.0264686,0.9999327,0.562371
1335,0.868694,0.9339176,1.088516,1.115418,0.75041926,1.0254165,1.2617766,0.56800336,0.5494364,2.1770315,1.0898591,1.007422,1.0625802,0.48570502,1.3174385,1.5436747,1.012052,1.0646358,0.9928421,0.25527844
1336,1.2056899,1.3553574,1.5697491,1.201889,1.2325305,1.4645694,1.5255071,1.4426537,1.3792934,1.5253408,1.0701195,1.0019978,1.0345359,0.72468865,1.1445062,2.4494252,1.0177068,1.0518866,0.9896148,0.38134095
1337,1.1530197,1.1740971,2.020601,1.6159139,1.6914493,1.6610607,1.7657523,1.1442385,1.9667753,2.815146,1.1019892,0.9684698,0.9833499,1.9412857,1.141727,1.209142,1.0264541,0.9981345,0.9757084,0.61207855
1338,0.9442504,0.95979685,1.0063407,0.90552074,1.1633874,0.761789,1.1652929,1.4043971,1.2314272,0.5756476,0.973529,1.0121803,1.0116496,1.8535937,1.1721755,2.109536,0.99464816,1.0797937,1.0006869,0.8922196
1339,1.6985197,1.6811607,1.3194432,1.2791634,1.2915957,2.0707657,0.6437463,1.2010088,0.75897384,2.5223374,1.0118712,0.9808007,0.98718166,3.043991,1.1830316,2.2854428,0.99784213,0.9824492,1.0313604,0.7464159
1340,0.90588075,0.78666073,1.7560043,0.53782445,1.6126074,0.6935949,1.0542501,1.4481534,1.1248221,2.4624376,1.1082772,1.0082922,1.0500445,0.6088494,1.2294925,1.0398571,1.0053751,1.1375932,0.98543906,0.36435747
1341,1.255147,1.45507,1.1626282,1.267812,1.3036247,1.4896005,1.1022214,1.6271657,1.4571936,2.2334633,0.9970697,0.9895661,1.0010422,2.7345047,1.1458273,2.2047832,1.0120105,1.0690802,0.9994755,0.5263637
1342,0.80015045,0.5518177,1.4763215,1.6949291,0.8935167,1.5593458,0.8673031,1.4203408,1.7548702,1.145012,1.0502975,1.0017892,1.058643,1.0357802,1.0590329,2.8865147,1.0329356,1.0727572,0.97253084,0.27661574
1343,1.6651433,1.4233508,1.4692686,1.9535093,1.6726443,1.6314892,1.3378551,1.26605,2.0481217,2.9553914,1.1185944,0.9737556,0.95269096,2.3506136,1.124442,1.5260408,0.9851654,0.8420951,1.0036757,1.1377268
1344,1.8083551,1.380964,1.0902193,0.81861365,1.1387757,0.78781646,0.851393,2.0631065,1.2033064,0.8714603,1.0234399,1.0208989,1.001652,0.48904932,1.1052337,1.815002,0.9649078,0.9829404,1.0304153,1.1080492
1345,0.9977407,1.5401077,1.8024485,1.3857886,1.8489316,1.472298,1.9015083,0.9753223,2.063477,1.0535525,1.0414758,0.9958563,0.9711583,2.9815955,1.1234874,0.7701142,0.99139756,0.9420192,0.99257433,1.4812777
1346,1.2045956,1.3344259,1.049221,1.324424,1.0446672,1.4804152,1.1126497,1.1482487,1.11244,0.7544098,0.9892271,1.0014619,0.9821387,2.4967556,1.1593039,1.676904,0.98130745,0.9404944,1.0117034,1.3396275
1347,1.6487598,2.0286977,0.7468918,0.7785646,0.94945574,1.3073498,1.1590658,1.8812124,0.7888487,0.7843802,0.9810829,1.0140244,1.0188192,0.9218161,1.1578512,0.76375604,0.9843521,1.0172085,1.016001,1.1586722
1348,1.3194661,1.1676259,1.4401195,1.3055849,0.74577475,1.0881826,1.817812,1.3269314,1.2044305,2.6389751,1.0848435,0.99447984,1.0033875,1.4120265,1.2357154,1.4537367,1.0090426,1.0179281,0.9915352,0.5891971
1349,1.5106046,1.3458791,0.7247165,2.039262,1.1346315,1.179017,1.3558922,0.8398985,1.7071923,2.6881068,1.0795453,0.98748237,0.99053884,2.2130988,1.201383,1.7005794,0.9914491,0.8810631,1.0039304,0.89271677
1350,1.0911126,0.9665052,1.0949557,1.1526833,1.5109595,0.7261769,1.0888624,1.2851514,1.4263041,1.5514275,1.0322382,1.0063082,1.0286306,1.0801855,1.17622,1.7797542,1.0036539,1.0612628,0.995128,0.4512348
1351,1.4432774,0.9454201,1.7112956,1.0772467,0.9907787,0.9178197,1.4664078,0.80519676,0.86565006,2.080234,1.0680653,0.9994193,1.0184517,1.2174042,1.2332805,1.415678,1.0038079,1.0043341,1.0069196,0.647371
1352,0.908817,1.5259461,1.3488033,1.5680673,1.2914426,1.6609317,1.8604069,1.7364241,2.1614037,1.5740575,1.0457954,0.98650193,1.0152776,0.51103103,1.0869668,1.5486774,1.0372862,1.0935638,0.9691072,0.31683338
1353,1.3511863,1.013696,1.0675673,1.613323,1.3785198,1.6631762,0.45784444,0.7799999,1.0709455,0.31733373,1.0625701,1.0033525,1.0006133,0.7382467,1.1364508,2.4379184,0.9711474,0.8665418,1.0297539,1.2282281
1354,0.89100486,1.5024195,1.3014066,0.43398488,1.8358039,0.73579687,1.7619497,0.8621993,0.8881242,0.84396327,1.0229998,1.0197664,1.0548173,1.6656805,1.2842329,2.781719,1.0095093,1.1506348,0.9994611,0.4255209
1355,0.61089164,1.1129987,1.5634458,1.1708586,1.2800823,2.000867,1.2444785,0.62572396,0.80203474,1.4936329,1.012063,0.9823329,1.0353382,2.2897491,1.231705,2.4075682,1.0414325,1.1272988,0.9842148,0.30248803
1356,0.67480475,0.82227236,1.9154971,0.93054324,1.661577,1.187066,1.2945931,0.8339596,1.1784279,2.8778532,1.1423225,0.9953241,1.0485014,1.0945896,1.2671235,1.305358,1.0189922,1.1047513,0.97751784,0.24031278
1357,1.7491994,1.1073728,1.3879204,1.4197047,0.72269225,0.9832706,1.4891635,1.1533811,0.9954848,1.502741,1.0371888,1.0060561,0.9576292,2.2000499,1.196743,1.9723709,0.9675179,0.867531,1.0295594,1.253643
1358,1.5731161,1.6597335,1.2236726,1.4216123,1.1343795,1.405635,1.5786843,1.441025,1.4951035,1.6198711,1.0355581,0.9984971,1.0003943,1.5014154,1.1385292,2.3266318,1.0016162,0.9805083,1.0085725,0.7046429
1359,0.80900127,0.4556858,1.6197021,0.68065953,1.0758451,0.7787635,0.94091815,1.621511,1.1771675,0.6029388,0.96435684,1.0138319,1.0468152,2.0764508,1.1190848,2.6573718,1.0207715,1.1791041,0.98401004,0.5136273
1360,1.2037172,1.6114442,1.2959075,0.96430194,1.02275,1.6884528,1.4295045,1.4008815,1.0203512,0.86179066,0.99785477,0.99353963,0.96971,1.5860089,1.1777186,1.4115798,0.98948133,1.0149554,1.0172715,1.2171495
1361,0.57712215,1.4239447,1.0395565,0.74447256,1.5381359,1.0990511,1.7893275,1.2503788,1.2002676,0.7737857,0.95571804,1.0022944,1.031753,2.600614,1.2283462,2.7857802,1.0297365,1.190306,0.97626215,0.41598868
1362,0.86625046,0.98807317,0.93182874,0.89153266,0.6016551,1.6984283,0.54409415,1.6312759,0.584677,1.8163518,0.96722597,0.9815318,0.99368095,2.237626,1.2269182,0.4380602,1.0105355,1.1428126,1.0036672,1.0048506
1363,1.3750222,1.4526446,1.3732989,1.5985432,1.7050011,1.7723898,1.1228684,0.7328511,1.2441406,1.3219972,1.0376279,0.9864809,0.95693827,2.6839185,1.1673958,1.4825058,0.975955,0.84680974,1.017501,1.3714292
1364,1.2631648,0.9281371,1.2147124,1.5285169,0.9111018,0.77372617,1.4296443,1.3260992,1.671742,0.6475538,0.99587524,1.0153861,0.9827178,2.6854448,1.0987352,1.5603807,0.9745738,0.89062524,0.9957737,1.4393444
1365,1.1563745,1.8009179,0.78310734,1.2081505,1.2459708,1.4084183,1.5423362,0.9337685,0.9026835,2.1316867,1.0451515,0.9984902,1.027073,1.6530296,1.2819037,2.2514024,1.007964,1.0411266,1.0023241,0.38548905
1366,1.6938591,1.0564718,1.2033517,1.4428287,0.7702986,0.8320207,1.315276,1.3035367,1.2397274,2.5793126,1.0711484,0.9992999,0.99022746,2.564271,1.199239,1.0807604,0.9793713,0.8994944,1.0030394,1.2777147
1367,0.657296,1.6310523,0.6095927,0.7298425,1.0208417,1.8681219,0.8414554,1.5436035,0.75608474,0.63320863,0.9316743,0.98799413,1.002579,1.3272756,1.2094662,0.6194414,1.0121208,1.1753178,1.0057806,0.938618
1368,0.92561,1.3058784,1.5334759,0.7078861,1.5825105,1.5959688,1.166654,1.4564096,1.0115085,0.52041805,0.98815155,0.9990467,1.0265087,1.7138033,1.1518023,2.6108794,1.0192468,1.134911,0.9945083,0.63481236
1369,1.431498,1.1680186,1.3336513,1.5396497,1.4920713,1.3862706,1.2225487,0.5813931,1.1641121,0.36325708,1.0708463,1.0064713,0.9768225,1.5769696,1.1738048,3.011596,0.9635532,0.8237436,1.0284843,1.3588648
1370,1.1435473,1.3106022,1.5891597,0.85272974,1.6493772,0.73315996,1.7389927,1.5965959,1.4517019,2.4655507,1.1120356,1.0098715,1.0233258,0.7060665,1.214141,1.9329917,0.9985546,1.0566521,0.9851126,0.27588314
1371,0.7966762,1.4178402,0.74511045,0.9699971,1.8116513,0.97886866,0.8211642,1.1070589,1.6050727,1.8614596,1.0539255,1.0074089,1.0700485,0.774053,1.2214121,0.77492225,1.0139776,1.1765392,1.0014268,0.42306292
1372,1.6617663,1.6174026,1.1900761,1.5575955,1.0895537,1.2636479,1.5512168,1.9180592,1.965549,1.9000934,1.0258745,1.0000162,0.98374933,2.1773672,1.0775694,2.5779154,0.9946923,0.96599704,1.0050561,0.7923761
1373,0.54744416,0.7497123,0.78590924,1.5778325,1.6774138,1.170231,0.5231452,0.42232507,1.4666364,2.6162305,1.0459701,0.9897156,1.0448573,2.804731,1.2561715,1.5466464,1.0172318,1.089329,0.9910847,0.37231225
1374,1.424165,1.046999,1.0066683,1.2845962,0.94743407,0.581541,1.2146883,1.2857214,1.2817589,2.5631518,1.0352082,1.0090234,1.0128293,2.4460497,1.2124214,2.181687,0.9895634,1.0013825,1.0060571,0.572128
1375,1.4778323,0.86430174,1.6831491,1.4274441,1.3146122,0.6016697,1.53585,1.2008904,1.569138,1.0896755,1.0495824,1.0158186,1.0106944,2.5636334,1.1001526,0.58993983,0.98074764,0.84830135,0.97543275,1.504884
1376,0.9453127,0.7268565,1.7785552,1.6298957,0.8386952,1.9378134,1.093455,2.2556698,1.6322963,2.9033713,1.0646745,0.9767489,0.97479373,2.027647,1.1144309,1.9397748,1.027774,1.0863111,0.9785225,0.26898223
1377,1.8963454,1.5890312,1.069392,1.3360016,1.8668655,0.5266227,0.9727815,1.5509522,1.9002392,1.0315913,1.0866048,1.0356541,1.0533425,1.4295026,1.0666686,0.46108487,0.9618386,0.8554888,1.0024672,1.5209663
1378,1.2782271,0.8872649,1.1049125,1.9253643,0.81436265,1.3076605,1.2540476,1.3521984,1.7138064,1.4412358,1.0270275,0.99741244,0.9820055,2.286547,1.1186968,2.7472997,0.9976342,0.9389265,1.0025611,0.8328237
1379,1.2692592,0.9648481,1.5889399,0.61945397,1.5784311,0.9931616,0.7511213,1.0034462,0.7548235,2.203559,1.0513259,0.994445,1.0132486,1.9680903,1.2496963,0.70413435,0.99231815,1.0692244,1.0156977,0.9784129
1380,1.2170241,0.6754659,1.108782,1.2835085,1.3889146,0.77192634,0.5852936,1.8016189,1.7727474,2.2714438,1.0468457,0.9937916,0.9909619,2.1958637,1.1184673,0.55537796,0.9831033,0.99471515,0.99048686,1.2197311
1381,2.087558,1.4473011,1.7792623,1.0432669,1.2539076,0.6910359,1.765689,1.348598,1.1724304,0.57824695,1.0798113,1.0263332,0.98881865,0.6732775,1.1251446,1.9472675,0.9557278,0.82317793,1.026489,1.3982563
1382,0.96305305,0.7320059,1.3915317,0.6649646,1.2169532,0.8764877,0.7403123,1.6832451,1.1099072,1.3082412,0.9496577,1.0024892,0.99874747,2.8776631,1.1524932,1.7850871,0.9986653,1.131729,1.0027193,0.8446536
1383,1.718817,1.6765816,0.52397937,1.4326603,1.4957048,0.90972203,1.1921356,0.855474,1.1108849,0.5875584,1.0596161,1.0155298,0.9850185,0.47190678,1.2116172,1.7624636,0.9493879,0.823665,1.0387837,1.3557203
1384,1.4046073,1.1770096,1.5514228,0.5692839,0.9550688,1.1596855,1.02018,1.7766821,0.8077357,2.4041657,1.0491922,0.9929241,1.0257291,1.0382856,1.1997384,0.40526435,1.009302,1.120438,0.9982114,0.80779654
1385,0.55977637,1.1466689,1.2568166,0.9284689,1.395448,1.1931237,1.5205821,1.5606474,1.4938766,2.7012315,1.0591602,0.98310447,1.0240307,1.5974771,1.2334974,0.553882,1.0302824,1.173008,0.95949435,0.45606244
1386,1.7939897,1.2278028,0.49665862,2.0212479,0.7225093,0.9339251,1.230649,1.7355558,1.7140007,2.3812482,1.0738326,0.99775803,0.9490844,2.1228697,1.1693652,1.407439,0.9609682,0.8236796,1.0154108,1.405232
1387,1.5377955,1.4456251,0.6517533,1.4930061,1.5188743,1.0116826,0.90837944,1.1052754,1.2335347,0.33871904,1.007419,1.0205984,0.99846685,2.5316863,1.1402699,2.2339118,0.95636606,0.8288749,1.0164131,1.5060654
1388,1.3863733,1.0238297,0.8330503,1.8401248,0.56279624,1.2261432,1.6385295,1.574184,1.3181713,1.6071849,1.0780944,0.9896323,0.93931997,1.0011219,1.2221229,0.5697694,0.9783175,0.8803538,1.0049747,1.4268906
1389,1.5608053,1.405153,1.6264832,1.89973,1.1877857,1.8178734,1.583957,0.70708036,1.4562993,1.8131148,1.0944989,0.98816556,1.0117203,1.0104426,1.1444383,2.5156434,1.0147618,0.9092923,1.0056444,0.5135792
1390,1.7335255,1.110594,1.8391526,1.0564799,1.8578662,0.64264435,0.9371729,0.7191343,1.4944375,2.7942288,1.1154021,1.0133015,1.0331197,2.356421,1.2044015,1.9056952,0.9807207,0.98766,1.0351678,0.74878997
1391,1.3863289,1.4408021,1.1598263,1.3542228,0.88518155,0.99297065,1.7633309,1.5710195,1.6419497,1.1051065,0.99257755,1.0073239,0.9666544,2.5964403,1.1261771,1.5410972,0.9788537,0.93255115,1.0027213,1.3362713
1392,1.7867203,1.2655458,0.961361,1.5884573,1.3872689,1.4526759,0.31720352,1.0853271,1.078212,1.9372233,1.0533041,0.9964695,1.000566,1.3981316,1.1508651,1.9454398,0.97635627,0.8964275,1.036407,0.8605446
1393,0.5656985,0.7864383,0.6876177,1.372407,0.66065943,0.70205325,1.5446999,0.7389168,1.2148554,1.3007814,0.98476934,1.010126,1.0494244,2.2809975,1.2527463,2.4956396,1.0236466,1.1127226,0.97772366,0.343795
1394,0.9759794,1.3161829,1.7517498,0.5540255,1.8387889,1.0937458,1.213027,1.4791813,1.3388567,1.8516091,1.0576042,1.01157,1.0482045,1.7417542,1.187032,2.325256,1.0112257,1.164295,0.9981402,0.3379724
1395,1.1750255,1.1966829,1.2869112,1.58724,1.8209542,1.5208489,1.1075417,1.2168916,1.8139503,0.36196855,1.0412866,0.99766994,0.9430185,2.3060527,1.0952222,2.5515835,0.96067333,0.8470535,1.0152925,1.5833571
1396,0.7897348,0.9911843,1.5224843,1.3243642,1.1077402,1.1471337,1.7543089,1.0155178,1.4298875,3.0084105,1.0757378,0.98877287,1.0123508,2.538321,1.2481651,1.7805107,1.0209035,1.0657127,0.9723997,0.36071047
1397,0.7138818,1.0083361,1.432723,1.2273269,1.7602174,0.803533,1.5263027,0.76970464,1.8025755,2.9428449,1.0860819,0.99706846,1.0288395,2.7803159,1.2544861,1.6057045,1.0139271,1.0964246,0.98278344,0.41207945
1398,1.581023,0.79222995,1.3143921,1.6495905,1.0632756,0.7150292,1.4254811,0.509474,1.271586,2.6017706,1.1575636,0.99389696,1.0146048,0.60542476,1.250676,0.65942097,0.98690695,0.86771387,0.9998267,1.0745325
1399,1.1952274,1.4895606,1.1447763,0.9524609,1.8539802,0.74624056,1.4573245,0.8345449,1.4924378,1.0453945,1.0244436,1.0133272,0.9913778,2.3512836,1.2246329,1.9873061,0.97312564,1.0044787,1.02803,1.1188872
1400,0.84131986,0.859062,0.92600477,0.77098227,1.6104298,1.001572,0.4187945,1.1995724,0.85743797,0.86974704,0.9660882,1.003998,1.0359472,1.8201582,1.1978209,1.8612218,1.0053563,1.136729,1.0044795,0.60820246
1401,1.4706547,1.4713192,0.95805115,1.3686603,1.0879076,1.3326701,1.0888845,1.4613653,1.3240707,2.3584864,1.0408351,0.99207616,1.0131257,1.529554,1.1744912,1.4250536,1.0044512,1.0199465,1.0046397,0.6577897
1402,1.7844665,1.3281944,0.85522056,1.4998589,1.0487677,0.77825016,0.92265266,1.4757552,1.2859019,0.786927,1.0015411,1.0268288,1.0221752,2.345636,1.0880731,1.230807,0.96656555,0.84151906,1.0037794,1.4173443
1403,1.2746172,0.9449584,0.6860111,1.8001337,1.0331546,1.3204728,0.6496088,0.7310956,1.2432681,2.181163,1.0752968,0.9867118,0.99232614,1.7721329,1.218106,0.931442,0.9802941,0.89297813,1.0117692,1.2406571
1404,1.0340502,0.9623299,1.4113243,1.3615043,1.029364,1.6639019,0.78146493,1.6935157,1.5854342,1.404853,1.0055747,0.987458,1.0057135,1.117066,1.0745397,1.161996,1.017587,1.0797939,0.995083,0.6817895
1405,1.0819116,0.77762264,0.87259465,1.6850395,1.5094885,0.7804236,0.8243538,1.3529052,1.9644341,1.5205616,1.0482552,1.0034653,1.0309957,0.5368277,1.1067591,1.6345518,1.0053163,1.0162872,0.9897197,0.41846353
1406,1.5989981,0.82972103,1.7552705,1.0157585,0.79022425,1.1370131,0.73268694,1.1145995,0.54890776,1.0845964,0.99507266,1.0140964,1.022404,2.6249905,1.1370333,1.3357737,0.9858701,0.9406497,1.0120381,1.1922634
1407,0.7420741,0.8592233,1.581337,1.1630583,0.85023487,1.8388082,0.83211225,1.7440761,1.4078732,1.4366659,0.9781858,0.9853444,1.0327307,1.5970913,1.0825951,1.5351232,1.044116,1.1881185,0.97858894,0.36381996
1408,0.8022631,0.9720828,1.5011265,0.71841145,1.6832896,1.3102493,0.7564896,1.009046,0.9863836,0.7966927,1.0078139,1.0006676,1.0539552,0.7345444,1.1824224,1.3647172,1.0241743,1.1750377,1.0016392,0.43843317
1409,0.79714555,1.3247926,1.4308994,0.98941314,1.312384,1.973286,1.0576364,0.7815002,0.56034356,2.3787098,1.0686264,0.97911763,1.0377529,1.1309758,1.2819369,1.0844545,1.0302238,1.1160021,0.99032223,0.33599156
1410,0.9497296,1.7661686,1.7127416,0.75447434,1.8282737,1.8426849,1.6305676,0.7720026,0.6573019,2.0114887,1.098249,0.99617624,1.0423853,1.4488031,1.2922083,2.7422779,1.019066,1.0890869,0.9961051,0.23310927
1411,1.39469,1.4120328,1.0924885,1.5715067,1.5121292,1.303809,1.2425171,1.4590126,1.8202038,1.6149064,1.0248259,0.99415326,0.9668046,2.4112902,1.1187162,2.2666907,0.98335963,0.9350132,1.0105289,1.0068295
1412,1.3254786,1.2081625,1.6792302,1.1407688,0.89515376,1.1110913,1.9694629,0.43633252,0.6721993,1.7695571,1.0559728,0.99647933,1.0041908,2.6201673,1.2769774,0.6442205,0.99815774,0.92432237,0.99087864,1.305841
1413,0.88421065,0.9176821,0.9223803,0.74998254,1.3712622,0.4900102,0.90188086,1.1869997,0.7645542,2.3293633,1.0912915,1.0211698,1.0626348,0.6606184,1.2963705,1.928905,0.9914397,1.0901904,0.9933777,0.18617906
1414,1.1566052,1.2020991,1.5537097,1.553535,1.7215475,1.3798836,1.3922471,1.6022503,2.20434,2.0737996,1.0329983,0.98088217,0.95533377,2.5523038,1.0880301,1.5264065,0.9998604,0.9875176,0.99311155,0.9084606
1415,1.5452561,1.5888214,1.3304791,1.1633697,1.3621417,1.3194183,1.1798732,1.5081599,1.069495,0.6834048,0.9936031,1.0140779,1.0263658,2.6053443,1.0952007,0.5680647,0.9887183,0.9081843,0.9849321,1.431149
1416,0.96115524,0.95664805,0.7901675,1.4773102,1.3268368,1.0184621,0.7281868,1.7871811,1.8276472,2.7336984,1.0930555,0.997572,1.0394115,0.8290051,1.1502466,1.1888058,1.0067177,1.060752,0.9757269,0.41434026
1417,1.580713,1.6157103,1.3184004,1.0497193,0.80323607,1.2928799,1.7111177,1.2567114,0.84594905,2.8319378,1.0643213,0.9885946,1.0053933,2.7190037,1.2571316,0.5145054,1.00086,0.98070174,0.99097437,1.2279787
1418,1.6221199,0.8715804,1.2867486,1.248349,1.2103876,0.68935007,0.9016809,1.3207295,1.228491,2.193409,1.0900038,1.0043602,1.0204686,1.6357654,1.1693968,0.4307885,0.97967535,0.91390324,0.99453074,1.292273
1419,1.1945515,1.8064647,0.71523696,1.6503603,1.8791339,1.6907257,1.1842695,0.95147264,1.7205374,0.7902335,1.0511208,0.99451417,0.98209655,1.1144379,1.1604035,1.8954356,0.9807592,0.9202456,1.0203075,1.120039
1420,1.1716509,0.9936368,0.53835744,1.907125,1.4673601,0.90376157,0.8172859,1.2296249,1.9759638,2.0664,1.0640216,0.996576,1.0252898,0.8738283,1.1399494,1.4198298,1.0016634,0.97690177,0.9910661,0.526569
1421,0.75014216,1.3909161,1.3886952,0.7824314,1.55114,1.1582221,1.934866,1.0683347,1.1919369,0.68630207,0.9881724,0.99628013,1.0042622,1.6028432,1.2239283,1.7420847,1.0186008,1.1229551,0.9877336,0.68123055
1422,1.4904764,1.5422087,1.2436805,1.0245872,1.4819006,1.3403245,1.1518768,1.0104159,0.7341455,2.087069,1.0332115,0.9927999,1.0034571,2.8998399,1.2375308,0.8686898,0.98973477,0.9549341,1.0030378,1.2083642
1423,1.2270696,1.5227008,0.83785886,1.5185733,0.8861073,1.379908,1.535738,0.9379534,1.1861702,0.9939066,1.0204946,0.99967074,0.99230653,1.812601,1.1958292,0.74177754,0.986522,0.91020405,1.0000576,1.3898141
1424,1.6876545,1.2264583,1.4053326,1.1939037,1.5240248,1.0444273,0.938686,1.6112678,1.4907331,1.2438163,1.0589156,1.0040716,0.9761695,0.5624112,1.1041739,1.3705933,0.96824706,0.92115146,1.0262632,1.123693
1425,1.5135355,1.103854,1.4768133,1.266257,0.96119916,0.92247933,1.611182,1.1562369,1.3404524,0.36840096,1.0561552,1.0159049,0.97592866,0.9347049,1.1424574,2.2840765,0.9648123,0.8794353,1.0223848,1.3764133
1426,1.8427737,1.6866095,0.89489263,1.0583518,1.3115755,0.76226753,1.3641521,1.4132925,1.0962882,1.4348463,1.0210392,1.017491,1.0038531,2.0526257,1.193078,2.984436,0.9725415,0.9496684,1.0279806,0.8826566
1427,0.7391034,1.2655001,1.4867835,0.8712183,0.9383676,1.57033,1.5316688,1.8339891,1.4441478,0.8537437,0.97424626,0.99125594,1.0190104,0.80287325,1.1157197,1.0449502,1.0372868,1.197576,0.9785198,0.54438436
1428,0.54822826,0.76979035,1.0776227,1.226465,1.0841044,1.6676869,0.3759445,1.6457285,1.2688911,1.6568034,1.0306054,1.0002055,1.0686663,1.3153032,1.1314696,2.4324095,1.0302882,1.1647711,0.9743809,0.1492823
1429,1.0954788,1.3885393,1.6920469,0.48831147,1.7200747,1.3396124,0.93061584,1.3695791,1.1763629,2.4625676,1.0239456,0.9901589,1.0159918,2.7955222,1.2146919,0.7584262,1.0094975,1.1734972,1.0109129,0.844384
1430,1.2078636,2.1615856,0.6842446,1.2664278,1.7437136,1.4911624,1.708219,1.5901152,1.6555995,1.6244522,1.0212915,0.9915517,1.0079651,1.013224,1.1798208,1.7517753,1.0138934,1.0678194,0.99433756,0.46194047
1431,1.4174299,1.5463166,1.1008861,0.86143565,1.6305578,0.9064984,1.4620062,0.91474825,0.854672,1.1522397,1.0711875,1.0038733,1.0086493,0.36156547,1.2573717,0.3334402,0.97979647,0.95964485,1.0105193,1.2151129
1432,1.2089422,1.3734124,1.0166903,0.623809,1.7228255,0.89183635,0.83245933,1.4465545,1.0644468,1.0639037,0.982516,1.010041,1.0069618,2.1075978,1.1959987,1.8668256,0.98291355,1.085679,1.0219526,0.92324585
1433,0.8960946,1.050806,1.3784552,0.99892646,1.7176632,1.1738328,0.83075017,1.1458156,1.6126984,1.9450425,1.0335851,0.992537,1.0063764,2.345509,1.1823468,0.74425006,1.0000304,1.0988078,1.0065411,0.97764397
1434,1.7325904,1.4439416,1.4662957,1.3621222,0.8415212,1.4992133,1.247837,1.371416,1.0464907,0.7964498,1.0276325,1.0097997,0.9915278,1.7857119,1.1083786,1.5508761,0.9760359,0.86840636,1.0163935,1.3993614
1435,0.8131419,0.9867832,1.422713,1.4694697,0.7084813,1.6886925,1.5727634,1.5095478,1.3483119,1.6516138,1.0239136,0.9842814,1.0052305,1.0308629,1.1709447,1.4682744,1.0380309,1.1165016,0.9800766,0.33682364
1436,1.4727938,1.427166,1.4142203,1.3723829,1.4817821,1.6840259,1.0077823,0.98817855,1.0507215,1.5659299,1.0305842,0.9897933,0.9740739,2.6638827,1.1672065,1.3450527,0.9811856,0.8939505,1.015576,1.2908633
1437,0.6423425,0.84817344,1.4238884,1.5978146,0.75086987,1.6048383,1.7513953,1.010551,1.4270306,1.4316796,0.98429304,0.98013425,0.9752152,2.8137727,1.193273,1.9050777,1.0293529,1.0708001,0.9826536,0.6821213
1438,0.7989208,1.461205,1.1191318,1.1075144,0.7898866,1.6417104,1.6369954,0.95694846,0.8554889,1.6138226,0.993255,0.9925798,1.033406,2.1028905,1.2500839,2.1595118,1.0335985,1.1344805,0.9877625,0.36482552
1439,1.2147636,1.915833,0.28539902,1.3088639,1.170026,1.4240786,1.1757712,1.4866714,1.2593364,0.5060979,0.98828673,1.0045544,0.99894464,0.9592873,1.166929,0.5677655,0.98161715,0.96805316,1.006996,1.3208776
1440,0.9619495,1.5310042,1.3039398,0.78759366,1.6358074,1.3958348,1.4603966,1.1245475,1.0460336,1.5174408,0.9991635,0.9854589,0.9859414,1.8874075,1.2387017,0.9037962,1.0069774,1.0957797,1.0034779,0.8515522
1441,0.9946142,1.5353174,0.8563146,1.3163716,1.7312049,1.3158962,1.4902259,0.7431455,1.2529498,1.1389507,1.0008162,0.9934783,0.9892303,2.606399,1.237409,2.4724317,0.99747497,0.99865824,1.0050575,0.8364485
1442,0.67370933,0.6182577,1.3699071,0.9544443,0.7624438,1.2007272,1.011589,1.2242446,1.0492702,0.5624405,0.963652,1.0009774,1.0068854,1.9997165,1.1637522,1.619126,1.0082897,1.109123,0.9959744,0.9428248
1443,1.2811356,1.2546825,0.88243,1.5789139,0.7841165,1.2656804,1.256018,1.2056706,1.4109948,2.0872536,1.0419171,0.99235916,1.0241566,1.0924112,1.1789728,1.1833022,1.0143051,1.024097,0.9954909,0.62161654
1444,0.7351839,1.2232816,1.2521265,1.0182009,1.3482305,1.0253214,1.886412,1.3442421,1.6486526,1.1331884,1.0131277,0.988694,0.9652759,1.4186615,1.1979873,0.36429146,0.99976027,1.060628,0.98591495,1.1699578
1445,0.9896694,0.7580591,1.9434392,1.761466,1.4870454,1.4492613,1.6358396,0.79624087,1.8900945,1.057377,1.080163,0.9900833,1.0193117,0.6593727,1.0977798,2.2298396,1.0288339,0.9898181,0.97938603,0.44174096
1446,0.97426873,1.2248907,0.5787322,1.2512081,1.3506814,1.3659905,0.6883488,0.9347542,0.9664743,1.0283688,1.0288173,0.9928773,1.006012,0.8091756,1.2255657,0.26315847,0.98670495,0.99022985,1.0072632,1.2296994
1447,0.68111247,1.7283273,0.92047817,0.5363743,1.9209343,1.1873423,1.0165151,0.79195744,1.2603561,0.92097044,0.9754791,1.0116003,1.0419954,2.5145931,1.2573372,1.4899122,1.0037903,1.2100108,1.0261701,0.8004441
1448,1.147938,1.1899519,1.544193,1.2385513,0.97206056,1.5983936,1.3015475,1.112864,1.084122,0.79197526,1.0115443,0.9955794,0.98727316,1.7165285,1.1454446,0.7241905,0.9945641,0.96010923,1.0010532,1.3084419
1449,1.4774704,1.691958,1.1621807,0.8094729,0.91743743,1.5449895,1.233152,0.97243613,0.27077723,1.4265378,1.0140759,1.0047674,1.0386068,1.5265957,1.2606637,2.504219,1.006391,1.058878,1.021596,0.56661487
1450,0.9424208,1.3350112,0.87281346,1.464054,1.3411098,1.7981704,0.8522384,0.53498024,0.7695674,2.596763,1.0695635,0.9811945,1.033373,1.687029,1.2887625,1.5081786,1.0170732,1.0325677,0.9980444,0.40707153
1451,1.4458523,0.98212916,1.1085768,1.6974661,1.4087719,1.6034695,0.47957867,0.8016024,1.1838768,2.2101283,1.122117,0.9811966,0.99155253,1.0475942,1.1911262,0.5440593,0.97740865,0.86021936,1.0135685,1.3503544
1452,1.3572135,1.6324637,0.5997197,1.1280577,0.6265994,1.2973038,1.3490164,1.0031848,0.58914214,1.9297761,1.0187815,0.995295,1.0060686,1.9312488,1.293003,0.76686764,0.9923752,1.0001087,1.0113912,1.1508067
1453,1.025825,0.6826988,1.2045376,1.6494079,0.7792813,0.9806511,1.4272189,1.3155644,1.6754135,1.0892332,1.008853,1.0045941,1.008045,2.0710144,1.1282637,2.7354217,1.011052,1.0193987,0.98872507,0.65046644
1454,0.78889614,1.371053,0.8264887,1.05887,1.2777185,1.6364697,0.908492,1.5372646,1.214158,0.54014254,0.97500634,0.9980229,1.0443852,0.91148126,1.1417878,1.9652684,1.0267726,1.1556307,0.9896125,0.4995352
1455,1.7520556,1.3724928,0.7254048,1.5692782,0.881565,0.71828,1.1170465,1.3072355,1.2293866,2.7851632,1.1204638,1.0235229,1.0389177,1.2269353,1.2168728,3.076741,0.9721861,0.8990885,1.0151631,0.43091536
1456,1.3003032,0.6216641,1.2583961,1.7637641,0.6835406,1.2286996,0.81762964,1.0662061,1.3171786,0.56710136,1.0547092,1.0077705,1.0050287,0.79138625,1.0976107,0.5277314,0.9792024,0.8555942,1.0007353,1.4692199
1457,0.4193244,1.7492888,0.79844314,1.2759495,1.4954637,1.8763973,1.7413597,1.5281111,1.7092328,0.537755,1.0037558,0.9942545,1.0534614,0.8379525,1.1496924,2.626602,1.0486153,1.1840976,0.96001995,0.20294125
1458,1.0132337,1.4675364,1.0049729,1.1634424,1.0451607,1.0284489,1.7508911,1.3594103,1.3509204,2.7272043,1.0372665,0.99669313,1.0115165,2.414949,1.2502981,1.8244338,1.0111681,1.0802778,0.98497355,0.43245
1459,1.5707953,0.97693735,1.1213918,1.6111634,0.6816918,1.5048147,0.93068415,1.7894217,1.1162058,1.2786332,1.0310678,0.9970286,0.95519114,1.5016869,1.1454015,2.1748781,0.9795363,0.92837036,1.0266849,1.0790544
1460,1.384305,1.0721805,1.7675524,1.0519874,0.97204137,1.6609153,0.8924933,1.8061463,1.2349939,0.9179622,1.0091307,1.0027522,1.0000198,2.1563592,1.0679045,2.875698,0.99651885,1.0214794,1.0104343,0.9896099
1461,1.2268169,0.894316,1.4869065,0.8660866,1.6353422,0.8610706,0.8104169,0.83318925,0.9441296,1.5717281,1.0163596,1.00306,1.0128505,2.0561404,1.2168474,1.6385818,0.9926261,1.0498313,1.0207314,0.7342186
1462,1.8871992,1.457871,0.7147241,1.4639103,0.9360218,1.0852453,0.90185565,0.86897576,0.8043316,1.7788347,1.0743859,1.0063214,1.0011241,1.0337056,1.2294732,1.4032972,0.9626669,0.8508179,1.036779,1.2333906
1463,1.2838113,0.6619862,1.7658052,1.0008383,0.799586,0.86156696,1.1332095,1.4322484,1.1748929,1.5644132,1.0354581,1.0065271,1.031228,0.613819,1.1358768,1.3494048,1.011642,1.0779728,0.99912435,0.5018816
1464,1.3256507,1.7180066,1.0586948,1.6457086,1.0305958,1.760326,1.536473,1.3536123,1.5676124,0.54518557,1.0179402,0.99831545,0.97014487,1.5867304,1.1032114,1.0715708,0.98144466,0.8772354,1.0041867,1.495693
1465,1.0912273,1.6303778,0.98925775,1.3254654,1.8480453,1.5578448,1.1147555,0.9335482,1.4896309,1.0205439,1.0407708,0.9975459,1.029244,0.8443371,1.1737761,1.8377914,1.0088289,1.0466852,1.0100389,0.61308634
1466,0.76524776,1.4115777,0.7566586,0.75576735,1.623069,1.2526749,0.8228025,1.1917474,0.79695046,1.8475469,1.0067986,0.9970488,1.0407019,1.3233448,1.2695603,1.2901516,1.0138718,1.1634237,0.9976433,0.31356317
1467,1.1762033,1.26208,1.8509893,0.67453474,1.7003396,1.5185672,0.93278235,1.7283953,1.0042435,1.9272197,1.0921518,1.0016506,1.04053,0.41106355,1.1594698,2.049139,1.0098003,1.1007622,0.9947904,0.29706913
1468,1.0360322,0.5171804,1.0295336,1.3914382,0.55848104,1.3764145,0.6179075,1.07092,0.65115726,0.37706795,0.9950973,1.0032706,0.9772152,1.7939962,1.1972303,1.8389359,0.9783976,0.9568262,1.0227592,1.3067636
1469,1.6405444,1.6349807,1.4511418,1.7396874,1.4592478,1.7551492,1.4974161,1.1561028,1.6927269,1.8444461,1.085712,0.9832219,0.9497293,1.4599649,1.1326507,1.5950394,0.9796817,0.85025066,1.0195247,1.1915778
1470,0.7682169,1.489311,1.018393,0.90630865,1.4913604,1.4661258,1.2115897,1.755525,1.4568255,1.4728769,0.96098167,0.9849824,1.0136102,1.4228884,1.1567808,0.87726486,1.0320672,1.2000902,0.9839693,0.41870153
1471,1.3195577,1.2965367,1.7832732,1.528779,1.3847492,1.6924304,1.5835665,0.95689887,1.459283,1.9559945,1.0358067,0.98433393,0.98342186,3.0086412,1.1533018,2.814391,1.0119859,0.9720153,1.0011274,0.6799215
1472,1.1443489,1.0661082,0.91198814,1.1336532,1.3749434,0.9983291,0.7519645,1.0971017,0.98106074,2.0903661,1.0619982,1.0014737,1.0403496,0.7915987,1.2326648,1.325857,1.0007384,1.0491037,1.001837,0.47080556
1473,1.6835566,1.1965778,1.5682504,0.857001,1.5852419,0.77828544,1.0643128,1.2594439,0.8725948,0.6455158,1.0506778,1.0190749,1.024894,0.6964201,1.1441793,0.56984437,0.9745057,0.9142309,1.0073221,1.2718713
1474,1.7224898,1.5027962,1.32897,0.88341695,1.6306974,1.2911049,0.76093626,0.73998904,0.37533015,2.2475631,1.0495789,0.99817,1.0188563,2.769803,1.2659918,1.1736937,0.9818373,0.9451691,1.0234125,1.1150582
1475,1.2198927,1.0660696,1.8175175,1.5670333,1.4978547,2.0760121,0.7142996,1.371768,1.5199411,2.8323684,1.0750118,0.97172093,1.0020105,2.0635204,1.1105156,1.6491106,1.0217881,1.0207759,0.9929463,0.47540227
1476,1.3675804,1.2994375,2.075942,0.99592686,1.631459,1.4114643,1.6018615,1.0915937,1.1010575,1.072927,1.0583453,0.99592656,0.9931747,1.7471985,1.1495032,0.40329555,0.9937543,0.92769736,0.9901464,1.3623655
1477,1.0826836,1.6277037,1.0848498,0.8554285,0.78697956,1.8005468,1.3508613,1.7379162,0.8304179,0.40504137,0.97478795,1.0030836,1.0274166,1.2169893,1.16312,2.5302832,1.0194428,1.1327415,1.001168,0.70115364
1478,1.7423749,0.99250776,1.5130289,1.296694,1.004209,1.3316013,0.7071566,1.3970793,1.1163121,2.7178853,1.1074114,0.98828,0.9974418,1.3793793,1.1649125,0.79422534,0.9831755,0.92798364,1.0136056,1.1891115
1479,1.4882305,1.1955156,1.058981,1.5564878,0.52975595,1.321011,1.6946468,1.1292897,0.6075283,1.1181074,1.0286347,0.99906296,0.9567173,1.912429,1.2607743,1.0542501,0.98128337,0.88085,1.0140868,1.3508787
1480,0.975889,1.5415163,1.0641792,1.6699483,1.0831361,1.991484,1.3682654,1.6208668,1.8117822,1.0407985,1.0379425,0.99320215,1.0436894,0.5081068,1.0782092,2.4907115,1.0365638,1.0785308,0.97793585,0.32798764
1481,1.2675455,1.1718304,1.0224297,1.5262936,0.92651105,0.85362595,1.5782723,1.1696348,1.4852651,1.1073016,1.0271679,1.0096459,1.0082157,2.2741594,1.1507189,0.4929699,0.9860805,0.895946,0.9801091,1.4625993
1482,1.8072009,0.87565166,1.2419062,1.2823396,0.55726343,0.72935313,1.3050257,1.2961022,0.56990826,2.0063972,1.0671589,1.0077708,0.99447644,1.8295218,1.251065,0.9074172,0.9777334,0.8985331,1.0112098,1.2439473
1483,0.9160107,0.98771554,0.93329626,0.90006536,1.3810784,0.9521083,0.9339765,1.0359546,0.9269607,2.1633112,1.0200776,0.9873896,1.0119513,2.063601,1.2722495,0.47344282,1.004302,1.0929099,0.9938186,0.8956109
1484,0.9329651,1.0933437,1.3208339,1.1209219,1.3389144,1.3977922,1.143584,1.3648516,1.4082906,1.4378823,1.0156884,0.9847866,0.9715911,1.7309124,1.1673869,0.67336106,0.99642247,1.036471,0.9993998,1.1358993
1485,1.0268502,1.0012548,1.1623864,1.4399958,0.9541483,1.4642462,0.82126087,1.7053663,1.6053369,2.409111,1.0237069,0.9883267,1.0206647,1.84356,1.1205921,1.4364872,1.021026,1.092758,0.98559004,0.45130807
1486,1.1422391,1.0941482,1.0994492,1.3197846,1.5048622,0.8855781,1.0057541,1.7122986,1.7169812,2.9140065,1.0780792,1.0024437,1.0171788,1.9364806,1.1678985,2.1042178,0.9959989,1.0331368,0.98782384,0.35613805
1487,1.4791961,1.0955446,1.0167603,1.2023275,1.1036297,0.9429299,0.81107205,1.2705145,1.1070958,1.7020892,1.0006118,1.003275,0.9830874,2.4266,1.1805792,1.8418491,0.97487706,0.9670131,1.0260142,1.0322634
1488,0.9818836,0.8946355,1.6519442,0.6766536,1.6794566,1.1561474,0.7516069,1.4440576,1.1982567,0.6223023,1.018511,1.0051279,1.0379204,0.36372674,1.126714,1.3460509,1.0110539,1.1381357,1.0027559,0.62147623
1489,1.4026582,0.9191795,1.9394591,1.5377667,1.1088905,1.7347897,1.0840527,1.4153265,1.6236203,0.3949676,1.0655059,0.99920356,0.95916474,1.2084695,1.0372369,1.9605994,0.9718518,0.85468304,1.015548,1.5406141
1490,1.2952809,0.8554928,0.86930543,1.4544389,1.152666,0.90906686,0.69880015,0.9733936,1.2166731,1.5113282,1.0409822,1.0020108,1.0178816,0.8581432,1.1822052,1.2342386,0.98968714,0.9752711,1.0125833,0.81315315
1491,0.86504465,1.0969164,1.2367454,0.98496026,1.4879582,1.0481037,1.3814723,1.2187786,1.3966093,0.4547539,1.0169219,0.9971769,0.97541195,0.39251578,1.1766815,0.47206023,0.98770726,1.0273051,1.0040565,1.1655414
1492,0.7582851,1.3369381,0.60206354,1.3318331,1.1315222,1.4953738,1.0595617,1.6385392,1.6547906,1.7649201,0.99483746,0.98002094,0.973969,2.1868021,1.1743935,0.3949103,1.0002729,1.0650105,0.9887294,1.2044138
1493,1.2647026,1.4876599,1.0031412,0.94311446,1.3280922,1.1674703,1.1109236,1.7618083,1.3002839,1.6719095,0.96771634,0.99891984,0.9980132,2.7033205,1.1595429,2.148992,1.0006218,1.0894028,1.005999,0.7226083
1494,0.79587203,1.4773355,1.0537987,1.3246722,1.5424875,1.8034407,1.1851795,1.0088843,1.1748203,2.2617712,1.0125039,0.9835593,1.0155443,3.1326008,1.2303479,2.6592038,1.023694,1.0879519,0.988274,0.33610678
1495,1.7926455,1.6181436,1.2437899,1.3196795,0.91620743,1.2713026,1.5543034,1.0554597,1.0144132,1.480488,1.0691317,1.0022182,0.9802799,0.9715408,1.1993027,1.3027387,0.9721468,0.8747774,1.0276355,1.2731016
1496,0.37980443,1.131629,0.69358027,1.0461564,0.9008378,1.4604524,1.1110647,0.6700811,0.6358008,2.0825849,0.9563475,0.98481536,1.0335817,2.9135842,1.319437,1.3663874,1.0355144,1.1936287,0.98435825,0.3111509
1497,1.6813138,1.2868743,1.7420213,1.3323796,0.86229944,1.4500242,1.4225547,0.859034,0.7016218,2.0469372,1.0757854,0.99887484,1.0322114,2.8241544,1.1893564,0.36692533,0.9988601,0.8696714,0.98221534,1.4378932
1498,1.6617756,1.4795489,0.798757,1.2195661,1.2751292,0.9514503,0.9810875,1.9338061,1.5642233,2.63884,1.0819849,0.9953338,1.0177312,0.7483965,1.1578634,0.62993085,0.9922894,1.0097944,0.99889946,0.8971758
1499,0.75958294,1.1770434,1.132509,1.2741277,0.6987312,1.8208312,1.2667148,1.9196917,1.1272635,2.2693615,1.0156834,0.98378104,1.0017976,1.6466669,1.2037948,1.5741869,1.032233,1.1575795,0.9822107,0.26818216
1500,1.3045435,1.4234862,1.4852929,0.62966824,1.5706445,0.6064972,1.7908647,1.5074092,1.1910774,0.5662097,1.0014389,1.0149832,0.999411,1.3626264,1.1686317,0.56314945,0.9852966,1.0096624,0.99398905,1.2089496
1501,1.1878893,0.9915672,0.7376637,0.6901162,0.6929487,0.39975137,1.1589895,0.8830919,0.40830433,1.7243274,1.011112,1.0121841,1.0476079,1.0610881,1.3185941,0.80690396,0.99892414,1.0997488,1.0074891,0.7077292
1502,1.1861815,1.5482507,0.95288116,1.367291,1.1961918,1.669629,1.1556618,1.0918365,1.1436262,1.793456,1.0104471,0.9852066,1.0069864,1.5546254,1.1985499,1.3777082,1.0138323,1.0448146,1.0058928,0.62592417
1503,1.0223019,0.55507284,1.1082225,1.2292027,0.8577335,0.7112195,0.86035234,1.6457134,1.6078563,1.9879249,1.0128708,0.99681133,0.99081856,2.3701315,1.144427,0.6731324,0.9906832,1.0367638,0.9901376,1.1670148
1504,0.8501002,1.0867617,1.0941799,0.96438295,1.1252378,0.97179335,1.1177084,1.5952841,1.2038172,2.2456188,1.076159,1.0097601,1.0523062,0.46273744,1.213721,1.6201946,1.0101533,1.1198883,0.9823414,0.18006872
1505,1.5013328,1.6083808,1.341757,0.99136525,1.790949,0.8268954,1.6117133,1.5676018,1.6760916,1.3989471,1.045665,1.0074247,1.0118549,0.6815449,1.1445493,1.7249162,0.9978627,1.0404186,1.0071139,0.6057601
1506,0.6472247,1.3343782,1.5525646,1.2430344,1.9544064,1.837097,0.8675551,1.2146516,1.7429647,2.343572,1.1177548,1.0010511,1.0696731,1.4930788,1.1630397,2.6907532,1.0254439,1.133995,0.98521125,0.06176418
1507,1.3273613,1.66786,1.4141481,1.1493357,1.8004628,1.7761143,1.1074618,1.8693441,1.606387,1.6971115,1.0050905,0.98815686,0.9998205,2.4820662,1.0932419,2.728731,1.0138462,1.0696042,0.99827266,0.56783855
1508,0.92519695,1.2335777,0.4949078,0.9353451,0.7809396,0.92674035,0.9254362,1.8804538,1.2761599,1.1833924,0.94062054,1.0041867,1.0034297,2.1259236,1.1669198,0.64227533,0.9950679,1.112555,0.9961357,1.0864849
1509,1.2439055,1.0796773,1.1896112,1.724623,1.1679463,1.7567466,0.7866618,1.1160496,1.4795909,1.1160237,1.0278919,0.9917099,0.9698651,2.353434,1.1129652,2.3943365,0.98090166,0.90082544,1.0177717,1.2230425
1510,1.70572,1.9241407,1.0066595,1.6008914,1.5590285,1.2472771,1.8833172,0.91877323,1.4493434,1.7265347,1.0870514,0.99603766,0.96983325,1.87156,1.2096412,1.0749631,0.9697636,0.80978465,1.0081065,1.4591577
1511,0.5226473,1.0303998,1.534338,0.6953174,1.5333763,1.7459967,0.9626552,0.861101,0.723351,0.94793534,0.9717204,0.97813046,0.98292845,1.9561352,1.2362521,0.52743256,1.0131642,1.1348248,1.0026575,0.9599898
1512,1.254853,1.3426578,1.2884033,1.0589232,1.3660841,1.1029967,1.1512287,1.8902584,1.4386404,2.7750063,1.0634453,1.0071404,1.0194639,2.5508046,1.1702772,2.9740415,0.99634415,1.052984,0.9924714,0.36321032
1513,1.0534985,1.067385,1.1897125,1.0145094,0.57244813,1.2222418,1.457644,1.2616482,0.7315506,0.60400057,0.9883689,1.0014371,0.9828104,1.0992941,1.2206343,0.65235806,0.99460065,1.0304803,1.0085843,1.1683793
1514,0.7919937,1.263406,0.8572784,1.0913343,1.3474996,1.0622288,1.291392,1.4209548,1.3517864,1.7152234,0.99767077,1.0050846,1.0327935,2.7077746,1.2065346,2.9075224,1.0144145,1.1199538,0.9826732,0.36470276
1515,1.2570472,1.7379026,1.0235686,1.4053514,1.9652399,1.606908,0.6160213,0.7043656,1.5177811,2.6671185,1.1020889,1.0031209,1.0568652,1.797586,1.2175872,2.0851839,1.0009601,1.0468614,1.027401,0.35762417
1516,1.1054263,0.9713864,1.3973036,0.8420093,0.9712635,1.1355017,1.0874846,1.1545098,0.7536764,1.1888672,0.9760185,1.0060662,1.0351846,2.5092874,1.197324,2.7224424,1.0147558,1.1119635,1.0023408,0.55455744
1517,0.92848545,1.3889196,1.1515372,0.7249888,1.62844,1.1340295,1.3955191,1.2039108,0.96145916,0.92755127,0.9677526,1.0043423,1.0285028,2.7781882,1.2200838,3.0770738,1.0155182,1.1342437,0.99424803,0.52399325
1518,0.95447534,0.7486486,1.1116235,1.5785358,0.60117066,0.64780897,1.9550229,0.6958401,1.2428789,2.4365475,1.1051918,1.0009328,1.025646,0.9450141,1.2956917,1.3037363,1.0120488,1.0025619,0.9787795,0.49038535
1519,1.5574555,1.6443031,1.2069852,0.79851836,0.79165566,0.9288513,1.7579426,1.9371952,1.0763005,1.7875665,1.0059178,1.0104749,1.0063876,1.6351494,1.1920724,2.152172,1.0001769,1.0810237,1.0076965,0.61070216
1520,1.8363652,1.1606035,1.7704971,1.4221287,1.712497,1.3840026,0.71270746,1.6097244,1.6063664,2.567157,1.0495663,0.9892144,0.9684813,2.8818521,1.0824515,2.4299479,0.98248136,0.9221391,1.0224286,0.8297636
1521,1.7759833,0.98206,2.2031293,0.9403846,1.8413545,0.9098024,1.1924124,0.7342532,1.1102049,0.62378275,1.105304,1.0191084,0.9847642,1.3239398,1.1562924,2.771032,0.95297265,0.8535867,1.0443016,1.3585379
1522,1.6633925,0.9545879,1.2767513,1.1894312,1.6384882,0.5953242,0.7065677,0.6965502,0.8771126,0.8084508,1.0584911,1.0242435,1.0362935,1.4320729,1.173995,0.91640234,0.9647616,0.85697013,1.0160016,1.3158989
1523,1.7885947,1.0101583,1.6253357,1.6475577,1.493561,1.2154022,0.97939235,0.6623539,1.2174215,1.9311215,1.0938544,0.9971366,1.0001662,1.2415334,1.1609106,2.2447433,0.9850924,0.86488676,1.025928,0.73510635
1524,1.2906916,1.179971,1.1166387,1.1044056,1.2737826,0.9048528,1.3305604,0.9741974,1.080075,1.9339575,1.0487787,0.9944601,0.98969173,1.7134305,1.2480333,0.92239094,0.98610693,0.98311627,1.008339,1.0831248
1525,0.79668623,1.2225561,1.8622105,0.76081586,1.9174615,1.7091159,0.74002475,0.7776614,1.0981393,1.3745445,1.0954707,1.0090148,1.0896446,0.6793021,1.1949809,2.2329617,1.0255857,1.1710923,1.0065813,0.20813157
1526,1.3490448,1.5436921,1.1634893,1.4343936,1.4047421,1.7991809,0.8288366,1.5904466,1.3783764,1.1207129,0.9917451,0.9949855,0.9883967,2.8203154,1.0818539,0.9351958,0.98770493,0.9241894,0.99738085,1.384726
1527,0.88847977,1.1501963,1.5216899,0.6976868,1.6359496,1.5566078,0.8315136,0.8550921,0.5619154,1.5008373,1.0155102,0.99234253,1.0386044,1.5714446,1.2444837,1.7183664,1.0210372,1.1409371,1.0037794,0.39532048
1528,0.83600646,1.515357,1.6079495,0.6205145,1.8021756,1.4863433,1.3423142,0.8870065,1.1278747,0.79717314,1.018573,0.9994023,1.0325066,0.9943718,1.2132605,1.1716696,1.0179983,1.1639369,1.0108852,0.6642376
1529,1.1980529,0.71410614,0.58078593,1.0979207,0.5299948,0.8542747,0.7022341,1.7405211,0.6746906,0.37307313,0.9659399,1.0182004,0.9897917,1.9189211,1.205442,2.6294882,0.9752914,1.0271657,1.0234085,1.0992241
1530,0.7487286,0.64344245,1.6399584,1.1309471,1.1811703,1.2562298,1.1606035,0.9117101,1.1720309,1.4001426,0.9875931,0.9893579,1.0084134,2.4229856,1.1822953,1.7072062,1.0228213,1.1029438,0.98977643,0.5945097
1531,1.0643969,1.0107129,1.5098236,0.9229034,1.0396231,1.5681449,0.95606583,0.89461184,0.6172466,0.7064204,1.0015846,0.9972865,0.99833864,1.7588762,1.2026783,1.8456471,0.9951901,1.026831,1.0177538,1.0550858
1532,0.8086515,1.5218048,0.95204026,1.2503154,1.7639388,1.4985245,1.3861363,1.0295454,1.5487936,0.59911287,1.0103483,0.99196714,0.9799718,1.4210147,1.1851506,1.4208922,0.9944647,1.0206146,1.0050069,1.0660338
1533,1.1733348,1.5740595,1.2873869,0.6713703,1.8242167,1.0173036,1.1043117,1.2511879,1.0970763,2.0222964,1.0939822,1.0162133,1.0586283,0.59293854,1.2402443,1.9019151,0.99800456,1.107348,1.0106187,0.31092572
1534,1.3384664,1.0427251,1.3504918,1.597414,0.83844334,1.5497264,0.9880609,1.2049563,1.3740666,1.7104234,1.0287799,0.991761,1.0031385,1.5669895,1.1237452,1.7705419,1.0063647,0.98725295,1.0080601,0.7305801
1535,0.86950356,1.0661566,1.1666889,1.0304585,0.7831217,1.2869781,1.3067241,1.0707867,0.9402532,0.77260506,0.98865163,1.0003431,1.0333703,0.8259971,1.1971045,1.389617,1.0219767,1.1190324,0.99559826,0.6032385
1536,0.70894235,1.2522724,0.6186307,1.4144969,1.2595972,1.1067175,1.3689542,0.9885093,1.3958993,1.8224999,1.0000186,0.99772567,1.0286655,2.4312105,1.2369738,2.3286207,1.0188,1.0917156,0.98302037,0.3444444
1537,0.7370015,0.84934276,0.5819059,1.7778761,1.0723395,1.420631,0.57266366,0.4709391,0.95700026,2.258153,1.0822017,1.0024587,1.066089,1.6237783,1.2642982,2.8131666,1.0107231,1.0078397,0.99121857,0.15683609
1538,1.1559904,0.97572833,1.7765515,0.9779988,1.3714727,1.3991855,0.93431157,1.0095006,0.7355207,2.5277946,1.0935851,0.99887705,1.0336308,1.5922049,1.2332264,2.301099,1.0054126,1.0404196,1.0012431,0.3114233
1539,0.70741254,0.5967261,1.475193,1.1352029,0.6970524,1.0277561,1.3602278,1.8802656,1.2818874,2.4277873,1.0670791,1.0028114,1.0205016,1.2474931,1.2040294,1.8526242,1.0194377,1.1351767,0.9728421,0.1765702
1540,0.5445566,1.3068926,1.1454222,1.0536776,0.8093647,1.6812242,1.5036802,1.4986562,1.2677791,0.99359965,0.9935006,0.9936491,1.0516614,0.49672592,1.1658763,1.3992059,1.048084,1.2108552,0.97060716,0.2504424
1541,1.1169276,0.86690444,0.97661585,1.4245036,0.6702025,1.2974674,0.82090646,1.6585085,1.1699214,2.5287318,1.0521014,0.993374,1.0193266,1.3662791,1.1926959,1.3420831,1.0112839,1.0668819,0.99270314,0.4979572
1542,0.997937,1.7002468,0.36217195,1.0068626,1.686123,1.2492136,0.8235528,0.8950639,0.84094185,2.277474,1.0474658,0.99598205,1.0461935,1.2898499,1.3119993,1.0821618,1.0037194,1.095937,1.0061786,0.50916725
1543,1.1154647,1.1177475,1.0595055,1.0183829,0.75455964,1.0131058,1.2615364,1.4384383,1.1648008,1.2223927,1.0011624,1.0012248,1.0014564,1.0377066,1.1830031,0.7926471,0.99745554,1.0619178,1.0043542,0.9759196
1544,1.5962839,1.3242762,1.1636715,1.2816517,1.7536031,0.74950594,1.1361933,1.0282124,1.603336,2.806578,1.1522899,1.0011284,1.0366834,0.64615476,1.2220987,0.7295861,0.98787147,0.96929455,1.0071524,0.86203957
1545,1.968859,1.8467767,1.1413112,1.6687319,1.1967973,1.4799379,1.6309073,0.8876367,1.2388085,2.562391,1.1123028,0.9879482,0.9607584,1.9649214,1.2271272,1.5402933,0.96761847,0.8011347,1.0268276,1.3592799
1546,0.94284374,1.2578764,1.228545,1.5652044,1.6972486,1.689947,1.0384045,1.0332052,1.7103797,2.9063418,1.0644884,0.97193277,1.0088253,2.5397744,1.1908766,1.1077473,1.0234277,1.0570515,0.9848995,0.6032181
1547,0.9468995,0.92020994,1.5847387,1.5303581,1.1452035,1.6409348,1.0572661,1.7090605,1.8470616,2.7901475,1.0980633,0.9813154,1.0238596,1.0411557,1.1098545,1.0672501,1.0277828,1.0715799,0.96944165,0.41819358
1548,1.0935614,1.1804729,1.4635675,1.7811944,1.0199233,1.700354,1.7247064,0.83564925,1.6576123,2.163204,1.0811031,0.9730189,0.94890046,2.4354806,1.1914457,0.7770605,0.9936183,0.8925653,0.9930604,1.4287953
1549,1.1607599,1.5789742,1.429205,1.5004468,1.0367587,1.9100085,1.5999224,1.6888224,1.7747544,1.128505,1.0241541,0.9853452,0.96133476,1.8272179,1.0820599,0.5771804,0.99650466,0.9474896,0.9896845,1.4381251
1550,1.4564242,1.8084073,0.89543134,0.5289431,1.8409634,0.8052067,0.8145686,0.8433531,0.8857059,2.1762586,1.0207186,1.0143403,1.041464,2.5805812,1.2944995,1.4670656,0.9837944,1.114307,1.0441071,0.78937495
1551,0.8544405,0.98130506,0.6579915,0.98490745,1.1631966,0.8241324,0.8464983,0.9269851,0.82222736,1.6787924,0.95240235,1.0003743,1.0272883,2.6762938,1.2636355,1.7016623,1.0097896,1.1279143,1.0022805,0.5008286
1552,0.6343189,0.6982427,1.6006408,1.240329,0.8862333,1.8185817,0.74841994,1.6529988,1.1730044,2.530888,1.036254,0.99136513,1.0330123,2.9753966,1.1597552,2.9513977,1.0302813,1.1414686,0.9745779,0.18438984
1553,0.6987315,1.1531763,1.510611,0.9105602,1.7674454,1.2143039,1.3377016,1.0100659,1.5837405,0.49089125,1.0270485,1.001461,1.022643,0.5241178,1.1642323,0.9779891,1.0126132,1.1250219,0.99993837,0.76172155
1554,1.4620612,0.8569401,1.8673961,1.7920644,1.5561415,1.189171,1.4593357,0.8340524,1.7855844,1.5771264,1.099985,0.9983393,1.0126852,1.2174348,1.1068509,2.8526394,1.006072,0.90914696,0.9975346,0.52374315
1555,1.5379,0.99502856,1.9692996,1.2870054,0.86889994,0.78167003,2.1131892,1.2671201,1.5330037,2.2305813,1.1060206,0.99820334,0.9926474,1.9962257,1.1671951,0.33369747,0.99304885,0.9021388,0.97629315,1.413497
1556,1.924711,1.2473581,1.5212,0.9519182,1.188429,0.7398922,1.2489343,0.8268766,0.50504255,0.49330416,1.0445433,1.0289297,1.0170065,1.6209408,1.192202,2.2077382,0.95974874,0.8459645,1.0297568,1.3351388
1557,1.145144,1.108151,1.9826486,1.167624,1.0513886,1.413299,1.8450394,1.174616,1.405329,2.131334,1.0290831,0.980793,0.9611849,2.7693772,1.1799389,1.2919121,1.0083147,1.0184207,0.9950075,0.98656183
1558,1.3594394,1.0388091,1.2284567,1.7052476,1.0662962,1.602765,0.7612899,1.0175524,1.3095616,1.4249701,1.0333172,0.99227774,0.9756459,2.3358283,1.1290371,1.3058622,0.97861934,0.87381905,1.0140541,1.3507657
1559,1.0475998,1.5003891,0.945579,1.6680174,1.6729587,1.6426202,1.2594953,1.1468714,1.7142727,1.4281988,1.0473788,0.98924255,1.0243351,0.88000095,1.143327,2.1033971,1.0208228,1.0260205,0.9894162,0.38903502
1560,0.73340446,1.1466231,0.76463455,1.4914367,0.7695061,1.243193,1.5459276,2.0182843,1.9587859,2.7706704,1.035101,0.9794762,1.0062592,1.8163553,1.1738942,0.45395938,1.0318578,1.1399015,0.95774895,0.6234483
1561,0.9070347,1.2963002,0.31830812,1.3920977,1.7159727,1.1916798,0.6232535,0.61070865,0.8618057,1.5155742,1.0721571,1.0078852,1.0662134,0.49743855,1.2785672,2.368923,1.0001755,1.0220629,1.0021031,0.2591176
1562,1.1556435,1.6025591,0.8732372,1.0706015,0.7517544,1.1020015,1.8924129,1.6034714,1.2592591,0.7990824,0.9851008,1.0094376,1.0234053,1.1778358,1.1842244,2.2970824,1.0156635,1.1013384,0.9941927,0.6006458
1563,1.2596192,1.1247494,2.21907,0.96923256,1.0814569,1.8057617,1.3843124,1.5022699,1.2141016,1.3367854,1.0138849,0.9859347,0.9502172,2.623145,1.1151636,1.8200991,0.9938613,0.9999366,1.0120562,1.2309356
1564,0.51168853,1.5353308,0.8016543,1.2470052,1.7059382,1.788077,1.2927818,0.9345389,1.2434176,1.4388821,0.97010607,0.9814815,1.0221007,2.7883801,1.231268,2.3443205,1.0361699,1.1491287,0.98030776,0.3390296
1565,1.0347285,0.9769235,1.2863572,1.413475,1.7190086,1.21923,1.055943,0.544261,1.2535776,1.5318466,1.0239309,0.9941488,1.0162541,2.5157738,1.2075005,2.5263922,1.0085123,1.0133439,1.0036733,0.5568402
1566,0.9232339,0.5468362,0.6852574,1.2043152,0.7396608,0.746865,0.4148469,1.2882837,1.0761628,1.4863678,0.9548138,1.0090798,1.044566,2.4013615,1.1749814,2.0504987,1.0091516,1.1187125,0.9992305,0.4994503
1567,1.8393731,1.7121181,1.0420735,0.9283356,1.4129304,0.75651735,1.2174336,1.8352075,1.203544,2.6834888,1.0425105,1.0119417,0.9995227,2.41223,1.1955185,2.5822518,0.9743406,0.98992336,1.0211917,0.6375436
1568,1.5652454,1.448987,1.0090861,1.2087152,1.7884771,0.56856626,0.91774434,1.126868,1.376791,0.41836968,0.99592054,1.0381489,1.0542703,3.0044546,1.1067221,0.90950036,0.97000813,0.8896735,0.999149,1.4402406
1569,1.3485236,0.8361719,1.8063514,1.26157,0.7397047,1.201888,1.7499933,1.0163891,0.9200561,0.46244684,1.0387229,1.0059878,0.95173156,1.9627007,1.1923242,2.3260808,0.97384346,0.8914575,1.0194197,1.4222736
1570,1.7301645,1.2873421,1.7032712,1.2681587,1.7988821,0.6794185,1.5181836,0.8734974,1.6911349,2.832538,1.116408,1.0017604,1.0062294,2.1605792,1.2045996,1.6690497,0.9859115,0.94723815,1.0169,0.824825
1571,1.525167,2.2191293,1.0324328,0.7188975,1.8908664,1.5498306,1.0548556,1.7831911,1.3349701,1.4057425,1.0124397,1.0027975,1.0062103,1.4908634,1.1577681,1.7317259,0.9892879,1.0826865,1.0301338,0.859292
1572,1.8129735,1.2987928,1.683147,1.4149966,1.494398,1.16614,1.1043227,1.9010171,1.7951236,0.8157369,1.0484535,1.0122436,0.9823662,1.41967,1.0053774,1.114143,0.96763486,0.8423962,1.0050069,1.4504716
1573,1.0438044,1.5479684,1.4024212,0.81078875,1.4371909,1.3595628,1.7578654,0.8564021,0.76554835,0.98070574,1.0265731,1.0002624,1.0347857,0.96481836,1.2516898,2.1567683,1.0208833,1.0973375,0.99736357,0.44747195
1574,1.7678561,1.5957477,0.7695359,1.1324887,1.1584543,1.02674,0.8628847,1.6661342,1.1472791,1.8175231,1.01547,1.006059,0.9973738,1.4598125,1.1651279,1.6665971,0.9759525,0.9783034,1.0291884,0.91592234
1575,1.8448558,1.471225,1.1019709,1.3202924,0.9318781,0.6965255,1.6490457,1.3930588,1.3246202,2.0140848,1.0817187,1.0100222,1.0050673,1.5565139,1.1834652,0.80414844,0.9746031,0.8787213,1.0011486,1.3449571
1576,0.6921566,1.3686771,0.6014605,1.4381557,1.3358936,1.7703094,0.6813157,1.2724847,1.1803732,2.0358715,1.0714318,0.9984434,1.0647211,0.8533853,1.2101524,2.3960807,1.0201639,1.0930213,0.98260957,0.10796288
1577,1.1510174,1.3469896,1.7698872,1.0953577,1.7709178,1.7018651,1.2537675,1.573217,1.6495757,0.9026929,1.0284646,0.9889646,0.9539231,1.9369344,1.0968072,1.7990189,0.98591155,0.98503625,1.010072,1.2435491
1578,1.6017697,1.3559537,1.3116996,1.2623782,1.6819276,1.2101988,0.81168526,1.4407839,1.333718,1.2839265,1.0526779,1.0067602,1.0144296,1.8271048,1.1059991,0.5995052,0.97774655,0.89606225,0.99974465,1.3818114
1579,1.3115225,0.9049724,1.3249853,1.4251671,0.7799994,1.0119306,1.1402901,1.5779396,1.5833609,1.8603901,1.0378189,1.0029892,1.0241041,0.88772714,1.1118075,1.5799936,1.0105281,1.041716,0.99587846,0.48136547
1580,0.7631603,1.0626903,0.91982937,1.4837685,1.760247,1.1662196,0.8008264,1.1053472,2.107689,2.3706052,1.0365899,0.98741055,1.0065696,2.933333,1.1711717,0.8901496,1.0042413,1.0770385,0.99527925,0.92025405
1581,1.4759381,1.6502512,1.2905724,1.3553383,0.99989116,1.4550267,1.5903492,1.1655494,1.1037803,2.8286204,1.0794572,0.99608636,1.0102913,1.9101235,1.2313578,2.2909858,1.0023761,0.9852001,1.005573,0.44446543
1582,1.860775,1.4656644,1.7290487,1.1797454,1.4645596,1.5040118,1.0353627,1.4688364,1.1981407,2.3252265,1.0511668,0.98963475,0.9660484,2.3319693,1.1401395,1.9368966,0.9802643,0.92917585,1.028898,0.99019194
1583,0.8615714,0.95151204,1.236839,1.1796367,0.99196494,1.6249243,0.78267545,1.0119698,0.8826094,1.8512238,1.0270745,0.98567283,1.0407022,0.9597479,1.2066505,0.8974916,1.0292181,1.119456,0.991718,0.43475613
1584,0.47079545,0.860172,1.5761771,1.5018933,0.8174688,1.710719,1.6918163,0.7775013,1.3315811,1.2349746,1.0576309,0.9942724,1.0571362,0.9615458,1.184912,2.4577534,1.0482551,1.1119635,0.96379477,0.15589237
1585,1.369426,1.6156449,1.3412254,1.3563597,1.1659354,1.0888709,1.9515567,1.593642,1.6911591,2.7083814,1.0993536,1.0027611,1.0097414,1.2110823,1.1847646,2.1504319,1.0026962,1.0015295,0.9892397,0.36571744
1586,1.3043807,0.94892365,1.6018112,1.3253143,0.7584944,1.2067531,1.6404021,1.6523627,1.3860759,2.8827806,1.0981786,0.9832003,0.99433374,1.3179802,1.2010541,0.700927,1.0151016,1.0350308,0.98176605,0.7737196
1587,1.8513901,1.3484645,1.1733735,1.4764125,0.7615055,0.7156915,1.7643112,1.0678486,1.1047533,2.080688,1.0569308,1.009759,0.9894197,2.7813582,1.2168312,1.4027596,0.97295046,0.84380543,1.0068363,1.3435578
1588,1.4225707,1.5921459,1.1234326,1.5478413,1.6796823,1.3785969,1.3251932,1.2505782,1.5475104,0.6872972,1.0453253,1.003622,0.9944356,1.6361809,1.1073964,0.5176494,0.9775913,0.8446007,0.9913041,1.5325162
1589,0.79752296,1.2420878,2.0183086,1.0751534,0.9373909,1.7749251,1.9609208,1.5452223,1.3475727,2.0235107,1.0612631,0.9908068,1.0219734,1.64548,1.16937,2.404442,1.0390494,1.1316972,0.9694745,0.23511358
1590,0.8754553,0.7868634,1.1135688,1.5556182,0.567011,1.4146408,1.5109915,1.0968409,0.8581662,2.7379198,1.0380702,0.9785117,0.9804105,2.6310868,1.3059942,1.4511559,1.0216333,1.0603096,0.9885613,0.5384065
1591,0.97801155,1.496485,1.5456817,1.0732708,1.1035988,1.8792228,1.5568681,1.2429773,1.056091,1.2796979,1.0303879,0.9912322,1.0356238,0.92805517,1.1762764,2.0603464,1.0348108,1.1168276,0.9879743,0.3663537
1592,0.5432227,1.4371369,1.292795,0.9378015,1.2139887,1.8484546,1.3048803,1.4550527,1.0783631,2.623205,1.0181154,0.9813082,1.0231761,2.3015695,1.2369447,1.5268953,1.0364653,1.1923985,0.9746987,0.19000971
1593,1.8462791,1.3978679,1.534961,0.80457157,1.2108965,1.0220798,1.1065006,1.4210337,0.746022,2.9669476,1.0625566,0.9975039,0.9996484,2.4315052,1.2324896,1.677767,0.9843772,0.9934106,1.0210568,0.8450102
1594,0.9277268,1.2741232,0.7724425,1.2626466,0.6832497,1.3506771,1.2979449,0.82360095,0.826483,1.1622121,1.0019307,1.0011786,1.0510603,0.8248955,1.2396101,1.6930325,1.0250324,1.1000822,0.99685377,0.4009893
1595,0.71955746,0.9316874,0.75810885,1.7535131,0.5704137,1.3059465,1.8212359,0.97579646,1.3241119,1.3506355,1.0219209,0.9825468,0.94615096,2.141481,1.2644159,0.4624671,0.99618095,0.9597071,0.9887927,1.3828673
1596,1.5685678,1.7193427,1.1761143,0.97590464,1.9864205,1.0309738,0.592889,1.7661304,1.6334914,3.057422,1.1452421,1.0250533,1.0596244,1.3091367,1.1707052,2.7714012,0.9755185,1.0347908,1.0229234,0.3048784
1597,1.386543,1.4530556,0.88681126,1.013202,1.4460536,0.99373144,1.1257379,0.9631822,0.84235334,1.4472346,1.0052975,1.0032448,1.0069242,1.8266852,1.2436023,1.9443324,0.98856616,1.011823,1.02123,0.7694506
1598,0.95027703,1.5168524,1.0221422,1.2805645,1.1314571,1.9783698,1.0325578,1.4006783,1.2697089,1.1814643,0.98832357,0.98148537,0.980687,1.5101277,1.1537746,1.003691,1.0068336,1.0545883,1.0062816,0.96857125
1599,1.4094789,1.0562172,1.2491,1.436516,0.78180474,0.89802283,1.6239089,1.915152,1.6709841,1.15006,1.047498,1.0130143,1.0170243,0.5065738,1.1077186,2.5024858,1.00671,1.0244206,0.99338096,0.5238043
1600,1.0041311,1.1759984,0.9082525,1.1852171,1.465368,1.0153917,1.1661246,0.71531004,0.9276923,1.763517,1.0177906,1.0035802,1.0298964,2.6371522,1.266688,2.8472772,1.0039699,1.0426694,1.0008072,0.44677204
1601,1.1490693,1.4875698,1.0303836,1.3380148,1.4202292,1.6901926,0.9518874,1.965144,1.8273647,0.8601769,1.0108387,0.9914958,0.9722612,0.95594656,1.0663056,1.2701052,0.9896723,1.0085089,1.0061488,1.1238871
1602,0.6269931,1.5826225,1.1538811,0.70622194,1.3572971,1.2808958,1.6988726,1.6556406,1.2336795,2.4560056,0.9959871,0.99112654,1.0120149,2.5844498,1.2507409,1.6273742,1.0259798,1.201873,0.97532743,0.27108657
1603,1.5175669,1.5760009,1.7238152,1.3190173,1.9868296,0.9596066,1.8601217,0.84535915,1.9096115,0.5870222,1.0707235,1.0193337,0.97228163,2.7505922,1.1338736,2.4828908,0.95760465,0.8419163,1.0233892,1.5673139
1604,1.1552398,0.8169945,2.028224,0.7163715,1.7226654,0.60411114,1.3564798,1.5894858,1.7350253,1.2216374,1.0320814,1.0102918,1.0221027,1.1609982,1.1057894,1.6108744,1.0083835,1.1211305,0.99655354,0.5724962
1605,1.551194,1.1354237,1.2357879,1.4434248,1.3202448,1.04065,1.2829478,0.6453491,1.0968349,0.39484873,1.0730319,1.0145309,0.99140394,0.98741233,1.1842327,2.7615879,0.96270156,0.8379806,1.0299276,1.2591166
1606,1.3496888,1.0050511,1.7524693,1.6468523,1.4078896,1.7565187,0.9070395,1.482987,1.8165382,1.4153963,1.0700716,0.986518,0.9940433,0.5255848,1.0441285,1.511923,1.005978,0.9643376,1.0023317,0.76299256
1607,1.6160226,1.0091658,1.6146495,1.8474147,0.83186454,1.4658571,1.3928624,0.92640144,1.2219882,2.0735176,1.0760512,0.99207765,0.977668,3.1412454,1.1600035,1.0862175,0.9842044,0.8063882,0.9956066,1.4942055
1608,1.083066,1.3295915,1.6888134,0.71303695,1.189449,0.99025816,1.8305091,0.9676351,0.63604045,2.743139,1.1220094,1.009261,1.0370917,1.0371183,1.3213553,2.1129415,1.0025133,1.057577,0.9929672,0.21426657
1609,1.0236223,1.6126866,0.779108,1.0653875,1.3430836,1.3671309,1.3718703,1.3693489,1.2657573,0.5282849,0.97859704,1.0005891,0.96897906,2.2129908,1.1889813,2.0362608,0.9794515,1.0034727,1.01333,1.2842393
1610,1.4047155,0.86233014,1.0000579,1.278714,0.9794203,1.1883126,0.45519906,0.7529263,0.59267116,0.8567065,1.0285438,1.0143905,1.0633122,1.009192,1.1886876,2.890821,0.9997989,1.0011585,1.0200996,0.5576559
1611,0.80531317,1.0335393,1.4487221,0.95877105,0.761894,1.2263666,1.525748,1.5160646,1.1342967,2.1873443,0.9984139,0.9942672,1.0142899,2.3379989,1.2116096,1.703829,1.0268472,1.1587176,0.9821353,0.35877937
1612,1.644846,0.83080393,1.6539052,1.3853264,0.7843313,0.9887671,1.392798,1.7213609,1.3901517,2.5837438,1.1017369,0.99222916,0.9797858,1.8520912,1.1596727,0.48614457,0.9874937,0.92069674,0.991136,1.3295176
1613,1.4358623,1.2201989,0.41753477,1.6947181,1.8684477,0.5580384,0.81180865,0.9794352,1.8625058,0.97841966,1.0476989,1.0199397,1.00995,1.7329429,1.1535455,2.8716195,0.962275,0.89033914,1.0241634,0.9795894
1614,1.5937796,1.6412163,1.1579282,1.2573884,1.3277718,0.6926169,2.0160115,1.526173,1.7111429,1.6548785,1.0422703,1.010954,1.0036968,1.4749812,1.1618462,2.516086,0.9948389,0.9876101,1.0015401,0.6174078
1615,1.548764,0.66559213,1.0589135,1.3025827,1.2747172,0.4985134,0.49971342,1.4322758,1.3861669,0.491393,1.0312423,1.0250182,1.0052998,1.0665065,1.0910063,1.6523862,0.95588833,0.8854791,1.0203984,1.3223269
1616,1.3574917,1.5257213,1.6896968,1.1077542,1.0926057,1.8830818,1.5153246,1.1151199,0.9570482,1.9755377,1.0721968,0.9778544,0.974914,1.4424138,1.2105128,0.57322,0.9990385,0.9749141,1.0068791,1.237479
1617,1.7198217,1.7803583,0.9543503,1.2870412,1.4162157,1.2612075,1.1991364,1.651642,1.4193954,0.9746524,1.0245793,1.0083892,0.97563386,1.6217296,1.1185436,1.7164996,0.96439064,0.88899076,1.0225751,1.3456953
1618,1.5515053,1.728641,0.8008205,0.8595192,0.7919468,0.5180871,1.9202957,1.7603915,1.2625915,1.4584912,0.9728087,1.0186245,1.0037453,2.2969377,1.2013065,2.4428647,0.9895973,1.0566998,1.0098746,0.79243857
1619,1.2342947,1.2022486,1.2991445,1.1339264,1.707726,1.2520865,0.72888345,1.4550595,1.2596219,2.4170926,1.0939205,1.0018805,1.0333427,0.93084943,1.1790595,2.007853,0.99777436,1.0343637,1.0011156,0.32174927
1620,0.7988135,1.1291392,0.9993623,1.2058423,1.2659189,0.9032106,1.6879783,1.0051991,1.4793217,0.8226594,1.0083475,0.99674207,0.97284466,1.5293133,1.2127457,0.5625986,0.9887542,0.99939036,0.9938531,1.2662733
1621,1.1911612,1.7825494,0.5747029,1.2680004,1.625348,1.3159062,1.2705479,0.5989137,0.782524,1.9023811,1.0725847,0.9989311,1.0362948,0.47629845,1.3080615,1.7026987,1.0006177,1.0058365,1.0104549,0.3654509
1622,1.0909796,0.97422105,1.4648709,1.3146462,1.0457281,1.3405775,1.2258925,1.2237653,1.4195018,1.5319864,0.9970449,0.9890435,0.9552554,2.7864642,1.1542953,1.5036354,0.98848057,0.9837001,1.0097317,1.1668639
1623,0.95302874,1.4328806,1.1050963,0.71835613,1.2582815,0.8642284,1.7900536,1.0437614,0.92329407,1.5436982,0.9613486,0.9969796,1.0013126,2.454265,1.2757094,1.457257,1.0128664,1.1326259,0.9986936,0.61451024
1624,0.65399045,1.6686523,0.41394776,0.54188824,1.6695265,0.63262314,1.5956659,1.255664,1.0726104,1.2540884,0.92342013,1.0039049,1.0210474,2.698399,1.2966065,1.6364299,1.0144331,1.2155558,0.9919246,0.48901093
1625,1.2642138,1.1914661,1.4916751,1.3264453,1.7279285,1.1970979,1.1155621,1.6089259,1.8551248,2.6312356,1.1313515,0.99398863,1.0268166,0.4060756,1.1369691,1.123694,1.0057005,1.0242736,0.9865887,0.5055971
1626,1.6958585,1.6249948,1.1103132,0.9509911,0.950214,1.4311742,0.89879566,1.8296149,0.9449527,1.5363283,0.99363256,1.0063182,1.0107759,2.0972433,1.1390404,2.5934675,0.99116457,1.0333195,1.0236877,0.8190128
1627,1.4194965,1.3628929,1.6815114,1.1342466,1.6290559,1.3782896,1.3975884,1.0664517,1.207364,2.8547125,1.0954818,0.9811554,0.99618447,2.9489303,1.2224225,0.37200597,0.9975036,0.95324206,0.9870624,1.3000555
1628,0.9538409,1.3025591,0.80863565,1.0341213,1.0368078,1.0418106,1.278551,0.79242074,0.6137098,1.806064,1.074369,1.0138816,1.064239,0.615744,1.3063937,2.2528632,1.0055987,1.0648944,0.99723786,0.2486104
1629,1.4199889,1.5606651,0.6480848,1.4857409,0.8268984,1.2850846,1.4264646,1.4130557,1.3140204,0.8386487,0.99585634,1.0082957,0.9625852,2.773859,1.175418,3.0125914,0.96729696,0.90842247,1.0237865,1.3517525
1630,0.640397,0.7756956,1.7718928,1.5200646,1.4593908,1.5646318,1.3218061,1.0496571,1.6673032,2.2468057,1.0903891,0.9857541,1.0276784,1.2274739,1.1595198,1.8600197,1.032383,1.0714586,0.96881527,0.16120008
1631,1.256144,1.4051127,0.70751303,1.3517907,0.89702535,1.5320207,0.9784309,0.6113188,0.5907398,2.3477573,1.0609853,0.9863181,1.0379996,1.1350127,1.2961318,0.88340044,1.0115026,1.0207632,1.0062217,0.6954552
1632,1.6100099,1.1391456,1.3354754,1.5447545,0.62051296,1.5789746,1.3621831,0.78121513,0.51671195,1.5291609,1.0495884,0.993449,0.97110677,1.6050597,1.255874,2.1824777,0.98851967,0.906004,1.0327826,0.9378014
1633,0.97786707,0.99453646,1.4462194,1.1498926,1.7195715,0.733041,1.4148209,0.7560123,1.3008598,2.7087255,1.088612,1.0057421,1.0235299,2.5097542,1.2700369,2.5278265,0.9979126,1.027211,0.9944241,0.3133344
1634,0.8099497,0.93518597,0.9240927,1.1801314,1.8621858,0.41925234,1.1904072,0.77566606,1.5253153,1.1913956,1.1070085,1.030288,1.083049,0.4262632,1.231028,2.918974,0.99787956,1.0542479,0.9904644,0.2226887
1635,2.1298878,1.356241,1.1792197,1.345665,1.1234522,0.83039564,0.8580068,1.5268402,1.1878519,2.0621734,1.0331223,1.0137603,0.986786,2.7563558,1.1296613,2.1068122,0.9583685,0.85189223,1.0317049,1.2069751
1636,1.4243193,1.5286226,1.167742,1.2346332,1.5609378,1.1816758,1.4215808,1.2682906,1.394556,2.3912027,1.0506811,0.98736036,0.9937093,1.8753318,1.2058306,1.300774,1.0006835,1.0058261,1.0019851,0.7657355
1637,1.2754834,1.3632159,1.0593319,1.3171628,1.3954284,0.9285819,1.5166357,0.92401975,1.2121329,2.20983,1.0612181,1.0050726,1.018249,2.04453,1.2460647,2.6290395,0.99665636,0.9892887,1.0018241,0.4505344
1638,1.259325,1.8157182,1.4047096,1.3125981,1.4931374,1.8053702,1.6632583,1.1659328,1.2758387,2.2957969,1.0697949,0.98537934,1.0069929,1.3875653,1.2059686,1.9726374,1.0169165,1.0261073,0.99729365,0.39317384
1639,1.4538434,0.9683736,1.8428352,1.3556054,1.7527223,0.7017848,1.5583206,1.038284,1.6002077,2.3452337,1.1573102,1.010887,1.0226845,0.4702114,1.1808743,2.3967178,0.98899746,0.9275118,0.9975042,0.36776114
1640,1.4471834,1.6717131,1.1508386,1.3328421,0.80182976,1.1818069,1.970501,1.0223345,0.89985454,2.8965533,1.0985156,1.0066271,1.0134221,2.0758257,1.2992339,2.9282515,0.995203,0.9650926,1.0046555,0.38457638
1641,1.2687874,1.319144,1.254782,1.3096867,1.058956,0.88869375,1.6212254,1.789696,1.7207375,2.7051191,1.1143029,1.0096712,1.0286561,0.62897766,1.1685387,1.9399886,1.0004877,1.0225096,0.9837398,0.31378314
1642,1.2375352,1.4452028,1.411547,0.75958806,1.8108917,1.0948228,0.8529548,1.8086766,1.5486028,2.0594845,1.0673268,1.010438,1.0442988,0.80803835,1.143312,1.6066577,1.0019791,1.1294589,1.0070248,0.37813407
1643,1.1806669,1.6237483,0.8141112,0.8891938,1.8312398,0.87350386,1.0256629,0.6873479,1.0773487,0.4472194,1.0029604,1.0231637,1.0291772,2.099353,1.229401,1.3074883,0.9729249,0.9999972,1.0270344,1.2443471
1644,1.120723,1.4841034,1.1251466,1.2536216,0.9351959,1.5847915,1.3109095,1.0917459,0.87201655,2.1887784,1.0938891,1.0032194,1.0512714,0.623814,1.2416492,2.2791135,1.0128118,1.042217,0.99575084,0.24349952
1645,1.2676284,0.9817535,1.4468796,1.4001014,1.7541004,1.071992,0.84758484,0.7556134,1.569299,1.7548028,1.0939307,1.0018747,1.0440801,0.4076494,1.1628509,1.2907591,1.0054438,1.0185922,1.0112063,0.5014607
1646,1.4124322,1.5889838,1.0042522,1.4060478,1.1709578,1.1319216,1.710938,1.529873,1.73155,0.9213916,1.0195348,1.0057595,0.9612098,2.029788,1.1346416,2.398434,0.9726759,0.9202013,1.0135512,1.2725582
1647,1.4581563,0.81491,1.7550504,1.0263641,1.7664539,0.6806719,0.9951487,0.89709246,1.2839442,0.5129024,1.05389,1.0212913,0.99498457,1.9869837,1.1427087,2.232547,0.9594791,0.8962581,1.0260614,1.3606498
1648,0.7349537,1.0839002,0.50079614,1.5531547,1.689446,1.091415,0.8293945,1.0124584,1.7431391,1.2687737,0.98199165,0.9930677,0.9895512,2.5060763,1.1803424,1.6109809,0.99418974,1.0274265,1.0009857,0.8748166
1649,0.5986255,0.789036,1.0839233,1.0399952,1.0235851,1.0144705,1.2205288,0.8635379,1.0211347,1.6407531,0.9850658,0.9904269,1.0317636,1.7354417,1.2486016,0.83091545,1.030279,1.1603867,0.9818785,0.4662317
1650,0.81778127,0.69865876,1.5887156,0.7566296,1.208614,1.0104884,1.0694869,1.2150582,1.0300708,1.0168241,0.98383415,0.99642336,1.0028793,1.4510585,1.1829169,0.90226376,1.008789,1.1208558,0.99847054,0.7907019
1651,1.5340719,0.7791949,1.2978485,1.3980577,1.0851794,0.82140034,0.67368,1.5620292,1.4269409,1.472931,1.0223985,1.0118002,1.0102867,2.5258775,1.0830818,0.99291635,0.9771281,0.90676063,0.996595,1.3251104
1652,1.3135417,1.2698483,1.8101304,1.3300385,1.102909,1.6704193,1.4044452,1.5084046,1.39934,1.9038395,1.0990783,1.0007849,1.0351363,0.82203877,1.1209536,2.7478464,1.0165501,1.0206096,0.990355,0.34654886
1653,1.8241017,1.118757,1.396699,1.6357505,0.6789619,1.2833325,1.7202942,1.7888016,1.0608244,1.9962648,1.0414042,0.9924614,0.91514075,2.55441,1.211218,2.6114173,0.97723323,0.89310443,1.0293252,1.028009
1654,1.7480106,1.1784527,1.0170641,1.3668063,1.347294,0.91928786,0.7594144,1.560676,1.4707196,0.627987,1.0619628,1.018496,0.99719393,0.3752178,1.0921043,2.2865841,0.958334,0.87909985,1.0303189,1.1988149
1655,1.347944,1.2197309,0.93517286,0.97781473,0.9860214,0.74778885,1.2676845,1.3935955,1.092566,2.2081704,1.0340291,0.99899817,1.0030166,2.008349,1.2356758,0.6648998,0.98831266,1.0214285,1.0003021,1.1243541
1656,1.8368144,0.98841816,1.535882,1.6813169,1.1506829,0.7473907,1.4419218,0.91751546,1.5128692,1.337519,1.0629474,1.0136765,0.96209216,2.6931849,1.1321837,2.5017667,0.95340407,0.76834285,1.0244447,1.4388671
1657,1.5171947,1.3810172,1.6399105,1.4447432,1.5397774,1.578705,1.364305,1.4068617,1.677641,0.8558568,1.0646935,0.99680746,0.9521503,1.5289172,1.0899618,2.3333857,0.9701933,0.86900115,1.019999,1.3572769
1658,1.2571423,1.5371094,1.5705793,0.75994605,1.1487203,1.0746738,1.8865846,1.8531157,1.4381487,1.5573882,1.0076389,0.9974761,1.0063329,0.81514275,1.1504593,1.0354975,1.0194573,1.1331339,0.9913539,0.54929245
1659,0.74710625,1.0919375,1.2905407,1.2108738,0.8917831,1.4909676,1.4886636,1.0301348,1.206632,2.0645728,0.99106926,0.97818696,0.99465686,2.700107,1.2254198,0.9441047,1.026168,1.1086848,0.9843429,0.7581746
1660,1.2796254,1.3586974,0.7429894,1.6658752,1.5108508,0.8442468,1.7685897,0.7487218,1.6900221,2.3228774,1.1262866,0.9863233,0.9737745,1.2775863,1.2670718,0.3487529,0.97595453,0.86652565,0.9936678,1.4192605
1661,0.4719147,0.75492877,0.8709799,1.2127297,1.0697771,1.118739,0.803704,1.7495888,1.6268003,2.6735048,1.033484,0.9902961,1.0401347,1.8210119,1.1817526,0.91340303,1.027168,1.1774379,0.9614485,0.3460975
1662,1.1779649,1.4299903,0.8879569,1.2837553,1.0904688,1.3953258,1.1346194,1.3926611,1.3018177,0.5205561,1.0076275,1.001802,0.98865986,0.7722113,1.1403909,0.6568954,0.9831153,0.96539915,1.0089486,1.2969542
1663,0.9220286,1.5908785,0.9045622,1.1497408,1.6332513,1.4426733,1.2402638,0.9719278,0.91375613,2.1915638,1.115116,1.005118,1.0559443,0.5755638,1.2830082,2.522371,1.006108,1.0437956,0.9908746,0.1448196
1664,1.2129791,1.6306636,0.959861,1.7877955,1.6262021,1.535088,1.7192055,0.9316459,1.8416958,0.76044,1.0410774,0.9934456,0.9361731,2.5301666,1.1594837,2.6610787,0.9665698,0.8350946,1.0152398,1.4676652
1665,1.6602058,1.1469171,0.9522083,1.6463406,0.98477745,1.0496858,0.92426914,1.0835556,1.3110423,0.9351374,1.0458324,1.0118397,0.98549855,1.2796017,1.1331294,1.6388516,0.960284,0.8314992,1.0273591,1.3635535
1666,1.0560021,1.0969582,1.5103817,1.4284124,0.81516373,1.436807,1.6848477,1.4975053,1.3127422,2.6627126,1.0512332,0.9903183,0.9911322,2.544683,1.2103685,2.4158103,1.0176513,1.0523349,0.98686504,0.36275682
1667,1.8354747,1.045322,1.4446588,1.5599298,1.0240357,1.2107092,0.75826484,1.9192919,1.7761768,2.1511075,1.09233,0.99864686,1.0070026,0.3520609,1.0481672,1.2521183,0.98921347,0.9378648,1.0098832,0.8680773
1668,1.0630655,1.8597889,0.8024729,1.341208,1.7623297,1.9447678,1.1411347,0.9848222,1.2363355,1.2479316,0.9968568,0.9809409,0.9503341,2.7610111,1.2138238,1.7682478,0.981958,0.9610195,1.0218651,1.2501168
1669,1.2344544,1.3421407,1.0244501,1.3924024,0.74845564,1.4912809,1.2290008,0.91384155,0.88875616,2.102058,1.0702138,0.9955883,1.041065,0.54612577,1.2358363,1.3756878,1.014741,1.0283841,1.0011578,0.45945644
1670,1.408963,1.481,1.1644406,1.0519319,1.2889205,1.4689115,1.0566882,1.1045591,0.82634735,2.435566,1.0347898,0.9841534,0.9934344,2.3370786,1.2458391,1.1725831,0.99684334,1.0153302,1.0133563,0.93404025
1671,0.83736223,0.9414483,1.639322,0.6310989,1.3815386,1.6400737,0.59848017,1.7655545,0.99824584,2.7540197,0.99614507,0.97173357,1.0087363,2.8805356,1.1835718,0.50091505,1.0291388,1.2037774,0.98235375,0.6776047
1672,2.037067,1.7081628,0.8752196,1.3021364,0.9270383,1.2055506,0.8336032,1.8980638,1.1105641,2.1954908,1.0507084,1.0095419,1.0309714,2.1471875,1.120748,0.7448909,0.9791891,0.8988825,1.0012197,1.3342862
1673,0.6609481,1.154202,1.3266954,1.0484984,1.9670275,1.173031,0.5465099,0.47701728,1.7377853,1.9829425,1.0566504,1.0126617,1.0879083,2.021236,1.2098105,1.5281438,1.0203997,1.2048562,1.0187075,0.265126
1674,1.689863,1.4419353,1.571497,1.0814288,1.6298064,1.6612607,0.8611539,1.0675617,0.80090797,0.7977263,1.0671142,1.0028839,1.0020722,0.902382,1.1556549,2.6177804,0.9781493,0.91757864,1.0330335,1.0288942
1675,1.1380014,0.90310913,1.5438554,1.1808968,1.5714312,0.9861366,1.1226215,1.1449292,1.3614687,2.381934,1.0279863,0.9931634,0.9998741,2.745946,1.1886752,2.0579922,1.0049194,1.0422332,0.9975955,0.4911499
1676,1.0612774,0.78590184,1.7621639,0.9720053,0.8600763,0.9622213,1.4202065,0.84407544,0.6634729,2.1252089,1.1317947,1.018196,1.0649968,0.5158409,1.2644508,2.6512096,1.0052594,1.0325892,0.9912863,0.20064932
1677,0.7291369,1.5700977,0.42746097,1.7516699,1.2812753,1.3123509,1.935021,0.4692945,1.5014813,0.8480004,0.99498916,0.9966805,1.0175655,2.3234262,1.2484727,2.882789,1.0185868,1.0164227,0.98634666,0.58640754
1678,1.4920158,1.627326,1.3019338,0.4928072,1.9349478,0.6385214,0.9029663,0.7600175,0.9836325,1.5453054,1.0888293,1.0329139,1.0815625,0.4854561,1.2583251,1.8024583,0.9848833,1.10463,1.0437919,0.49289435
1679,1.5441082,1.3895361,0.82722783,1.5608635,0.8528092,1.1846784,1.1506495,1.6478225,1.558817,2.6724465,1.0554497,0.9925389,0.9964201,2.7738805,1.1580682,0.71298337,0.98679376,0.92773104,0.99026906,1.3453267
1680,1.0060387,1.281034,1.3425393,0.50953096,1.6663631,1.0612854,0.78215,2.0807676,1.0021939,2.6253242,1.1091559,1.0169799,1.0565777,0.89959943,1.2097286,2.5497425,0.9946355,1.126593,0.98729885,0.13639979
1681,1.4892595,1.2710695,0.73405856,1.3788164,1.7933875,0.5435037,0.73447764,1.1383839,1.6523769,2.517355,1.050106,1.0131569,1.0221093,2.4943023,1.1960894,2.3271682,0.97764856,0.98735356,1.0223802,0.56749237
1682,1.5313859,1.0343394,1.3084593,1.5352476,1.2323273,0.8960983,1.255748,1.1409327,1.5757098,1.5489565,1.0331842,1.0027939,0.9553306,2.642169,1.1441317,2.0006773,0.964357,0.86466205,1.0208216,1.2960792
1683,1.4100399,1.1004963,1.0977166,1.0280695,1.2186658,0.7348241,1.0739479,1.6822587,1.4169531,0.46275106,1.010049,1.0188376,0.98404235,1.4910451,1.1179911,2.138019,0.96324617,0.9536809,1.0188248,1.3180399
1684,1.4405086,1.3625689,1.332818,1.0105923,1.197929,1.173869,1.3344808,1.5480368,1.2558072,2.3131151,1.0702925,0.9890517,0.99640244,1.2095348,1.1949033,0.55264056,0.99624574,1.0189855,0.9998036,1.0421774
1685,1.7586262,1.9494009,0.97323364,1.1840107,1.0959108,1.4279121,1.5224004,1.5111178,1.1732534,0.42921796,1.0468662,1.0128801,0.9802367,0.6247722,1.1495767,2.3988767,0.9635564,0.89145666,1.0332507,1.3536341
1686,0.76278144,1.4271815,1.3719714,0.92962784,1.2902417,1.8491553,1.1331207,1.4598688,0.992655,2.8920457,1.0402582,0.9803383,1.0202714,2.3358154,1.2369735,1.4784892,1.0279143,1.1540793,0.98159695,0.31135255
1687,1.2082984,0.8629345,1.7618804,0.8478237,0.8123573,0.5997712,1.7012198,1.1287296,0.90994287,2.450069,1.0924977,1.0132353,1.0331997,1.1303138,1.2555531,1.8210342,1.0014417,1.050107,0.99326867,0.39244732
1688,1.7846732,1.5301375,1.4928541,1.346068,1.7058741,0.94963735,1.7782966,1.0423293,1.5049726,2.001254,1.1486564,0.9968903,0.98419535,0.6251911,1.1989509,0.49496886,0.9707479,0.83541006,1.0048246,1.4173064
1689,1.1591609,0.8742178,1.3377056,1.4798377,1.5176089,1.6925625,0.33352643,1.8602117,1.8538058,0.45951536,1.0305942,0.99620444,0.96587515,1.2691877,1.011659,1.8759229,0.97204554,0.93374467,1.0138782,1.3941543
1690,1.4122205,1.3004646,0.88082725,1.6093216,1.1279848,1.2816519,0.9495122,1.3399091,1.4526192,0.3798882,1.0391405,1.0107722,1.0069054,0.6218586,1.0910679,0.5173993,0.9742912,0.8650063,1.0025846,1.4724393
1691,0.89175516,1.2002366,1.4461172,0.7403668,1.822917,0.9656717,1.325417,1.4147469,1.2790616,1.1570445,1.0747948,1.0174694,1.0606438,0.72500026,1.1889958,2.8524148,1.0098238,1.1162937,0.9851532,0.2785419
1692,1.3979521,0.8536864,1.076545,1.194639,1.0657908,0.4398002,1.0363289,1.7725421,1.6995759,1.4234487,0.9932973,1.0124861,0.9721589,2.354166,1.1142573,1.708956,0.96825576,0.9733695,1.0132982,1.1629871
1693,1.6356535,1.4212914,0.898019,1.484008,1.2504447,1.0225564,1.007876,1.7070702,1.5864327,0.5673567,1.000479,1.0207344,0.992514,2.5974007,1.0656426,2.0701706,0.961671,0.8546473,1.0082834,1.5010095
1694,1.3081195,1.1753173,1.8182447,1.4560156,1.0385826,2.0145874,1.1759583,0.9945719,1.1476812,1.5283147,1.0321685,0.9834189,0.9705636,2.5727673,1.1410248,2.2761774,0.9988358,0.94673634,1.0150889,1.0463331
1695,1.3119309,1.7982409,0.89081854,0.7554394,1.7377805,0.7904424,1.4347353,1.6101094,1.4736191,1.9144732,1.012025,1.0036565,0.9966373,2.4868674,1.2142467,0.8222425,0.98433363,1.06002,1.0058907,1.1254208
1696,1.2080822,1.0077205,1.5630879,1.0342541,0.7601732,1.6189388,0.7258789,1.7550504,0.7207341,2.835495,1.1027212,1.0013094,1.0366722,0.85896146,1.2032199,2.0166016,1.0069187,1.0739155,0.99958026,0.22697346
1697,1.8485484,1.4083855,1.7158234,1.2834424,0.77754533,1.426231,1.7079777,1.431754,0.9896618,1.8597115,1.0973713,0.9943073,0.96973914,0.9428731,1.1855986,0.86766934,0.98208904,0.88729596,1.0151794,1.3151736
1698,1.2846766,1.1978195,1.7606049,1.2117534,0.9710337,2.0556054,0.7895302,1.8640827,1.2602693,2.1475582,1.0019221,0.984404,1.0080512,2.7482133,1.0840585,2.5147145,1.0245907,1.0946679,0.9986203,0.5048982
1699,1.343338,1.5044994,1.5704494,0.8758617,1.5499495,1.5914959,1.1044704,1.3738759,0.9424,2.2805507,1.0001704,0.98579437,0.9942945,2.9101024,1.1953998,2.0782654,1.0095505,1.0780745,1.0101165,0.574918
1700,0.76197654,1.1664255,1.0494263,1.5375407,0.9765687,1.7648672,1.0830388,1.60928,1.7824372,0.5214319,0.97871983,0.9891495,0.96622336,1.7656789,1.0760487,0.6348628,0.9955199,0.9959083,0.9917995,1.3803806
1701,0.791161,1.6255629,0.65189344,1.1325855,1.2889442,1.4757797,1.3106098,1.3096716,1.2369335,2.0245914,0.9632387,0.9834517,1.0101156,2.499805,1.2337564,1.3129976,1.0261493,1.1519622,0.9888029,0.4594558
1702,0.9795957,1.6854022,1.7363057,1.0091755,1.1693538,1.7640313,2.0884442,1.2278632,1.0962982,1.8139616,1.0879856,0.9964696,1.0355024,0.7745491,1.2202817,2.4111485,1.0295964,1.089995,0.9804255,0.24347445
1703,1.354641,0.7287355,1.2177904,1.8194132,1.2207291,0.896048,1.0999883,0.8969236,1.6447113,2.9740126,1.1538129,0.9928194,1.027607,0.85084283,1.1970166,1.1598537,0.99812853,0.9162642,0.98662853,0.68806875
1704,0.99780923,1.4016738,1.163765,1.0592762,1.7311778,1.4619511,1.1026727,1.1272143,1.1510953,0.26775327,0.9846457,1.0022494,0.98391825,2.6176715,1.161757,1.7036765,0.98107386,0.96771586,1.0051186,1.3871591
1705,0.8522704,1.6109328,1.3513904,0.90331525,1.9095541,1.2699529,1.3466965,0.9427899,1.5294535,1.7960471,1.0695642,1.0076288,1.0596209,1.1868037,1.2228234,1.7750404,1.0185416,1.1562532,1.0028831,0.28020066
1706,1.0953944,0.91646963,1.5888791,0.880811,1.8441664,0.7841827,0.720053,0.9539134,1.5635097,0.83968794,1.019414,1.0203568,1.0140784,2.7668567,1.1454495,1.7465973,0.97374207,1.029078,1.0271478,1.228645
1707,1.1563559,1.1432126,1.4197493,1.5023217,1.5658735,0.8530535,1.8117157,1.58508,2.291923,0.9264761,1.037691,0.99900705,0.9410786,1.6704382,1.0838146,1.0064915,0.973682,0.90486705,0.9937606,1.4180086
1708,1.2435436,0.918109,1.7040951,1.4540846,0.94674885,1.5000526,1.1681691,1.0572236,1.2221811,0.9816798,1.0336072,0.9976522,0.99409854,2.0238318,1.1142423,0.69279957,0.9919486,0.906065,0.994083,1.400146
1709,0.59202725,1.0110378,0.87923044,1.232394,1.6174021,0.9432282,0.9756559,1.8281201,1.8400688,2.5136628,1.0639069,1.0042512,1.0390928,1.6219245,1.1709191,2.1659548,1.0112983,1.1238664,0.9671909,0.12227608
1710,1.4646461,1.1146502,1.1424036,0.85354406,1.1010159,0.43288034,1.1584349,1.6710899,1.138356,2.6741438,1.0547559,1.014653,1.0204645,1.9078497,1.2192543,1.8900242,0.98374695,1.0407965,1.0046412,0.5784948
1711,0.9554077,0.8682881,1.1459115,1.0903976,0.9791032,0.6017675,1.4096181,1.6867391,1.6456133,2.4112916,1.0297825,0.99947643,1.0191565,1.8602043,1.1821079,1.0436283,1.0125706,1.1134577,0.975647,0.5835265
1712,1.3891101,1.4715934,0.7402305,0.80642503,0.7752938,1.077063,0.91458,1.7952858,0.91071665,1.1135788,0.99067795,1.0080496,1.010065,0.67887783,1.1766658,0.72836924,0.98558813,1.0628206,1.0180495,1.0607054
1713,0.90002567,1.5626686,1.1803734,0.79328054,1.0397404,1.7038289,1.2734743,1.9725648,1.3013928,0.7170421,0.95705855,0.99120283,0.9721344,1.6643038,1.1293107,0.924191,1.0009081,1.1123805,1.0018173,1.1663063
1714,1.7140794,1.2227004,1.4252992,1.2148467,1.2339369,1.0198311,1.0485673,1.2700877,0.9991026,1.328692,1.0548145,1.0122023,1.0278057,1.8247036,1.1359601,0.571162,0.9811356,0.88195175,0.99548006,1.3736782
1715,1.8724647,1.3888888,1.4232662,1.8989389,1.065188,1.6251084,1.1274436,1.7620298,2.016651,2.2260456,1.1121994,0.9885783,0.9714875,0.7745582,1.0491717,1.3602507,0.9810063,0.85176617,1.01282,1.1555097
1716,0.95439845,1.5058548,0.99772185,0.43196398,0.84455895,0.88727254,1.6632618,1.539547,0.6885129,1.0391012,0.97709835,1.0157202,1.0488116,1.2709957,1.2517865,2.0438197,1.0168605,1.1923047,0.9930276,0.44038302
1717,0.82247,1.4390414,1.2982891,1.2799463,1.7926148,1.7375575,1.1964661,0.9931753,1.0972753,2.5475998,1.1399939,0.9979522,1.0502143,1.0983759,1.2533468,2.9507291,1.012202,1.0327799,0.98210764,0.06558663
1718,0.5175391,0.9922355,1.229069,1.291779,1.1460849,1.5553766,1.3372701,1.0257128,1.3148535,1.4073964,0.97850716,0.99013877,1.0317868,2.9050484,1.1888697,2.6919663,1.0389003,1.1470493,0.9737192,0.3328741
1719,1.8274307,1.5061233,0.9545106,1.1369907,0.7845435,0.81564516,1.4113455,1.7258974,1.0984566,1.5656103,1.0110544,1.0173472,1.0108905,1.8823688,1.1717675,2.927325,0.9863458,0.9940076,1.0208421,0.72158486
1720,1.4013016,1.0245161,1.8328073,1.2848155,1.2682348,0.76954025,1.8119385,0.88056517,1.2715409,2.8418708,1.1229094,1.0056341,1.0093642,1.7524337,1.2392298,2.43844,0.993666,0.9486746,0.9980579,0.40230006
1721,1.1683934,0.6452308,1.1238511,1.3170195,0.7453891,0.84241813,0.84274,1.9175547,1.575017,0.6805235,0.9783704,1.0125312,0.98181653,2.0768073,1.0742099,1.3931835,0.9781999,0.9826928,1.0015699,1.3005505
1722,1.5090168,1.2884707,1.0898037,1.3605621,0.7729356,1.0518416,1.4366164,1.5421942,1.2425493,0.8677572,0.9971717,1.0121425,0.97419125,2.425331,1.1433275,1.8262954,0.9732702,0.9100319,1.0119408,1.3613169
1723,0.7890013,1.0076289,1.0681589,1.2455263,0.9970616,1.1285924,1.2328038,1.5805564,1.5930104,0.8125651,0.9572046,0.9999798,0.98832446,2.682138,1.1159819,0.56809306,0.99823403,1.0321312,0.9802068,1.294564
1724,0.53314346,0.8432329,0.8255312,1.1680169,0.9817754,1.0444182,1.1134387,1.2114899,1.376509,1.5785629,0.94118977,0.9882744,0.9866221,3.1571107,1.2104157,1.0376697,1.0108719,1.1250932,0.98773384,0.8760672
1725,1.7021322,1.2934608,1.7704327,1.6401143,1.6772807,1.9027334,0.98227197,0.8218674,1.2928009,2.921079,1.1424898,0.9700641,0.9627095,2.0225334,1.1870648,1.1134803,0.9816533,0.83825886,1.0169709,1.2864828
1726,1.1130052,1.5375957,1.2655878,1.2511461,1.9961308,1.576459,0.75518626,0.77606183,1.583314,1.6789867,1.0438497,1.0047234,1.0555209,2.5106711,1.1706284,2.789362,1.0124412,1.094589,1.0199474,0.4469276
1727,0.9433648,1.0046937,0.80545557,1.6524246,1.4875393,1.0279297,1.0819546,0.6165754,1.3786798,2.4016395,1.0232279,0.9922815,1.0100658,3.061625,1.2447929,2.3759975,1.0054877,1.0035521,0.9960621,0.4247821
1728,1.4944773,1.4613762,0.73366725,1.6949184,1.4943349,0.5927643,1.7138624,0.6865419,1.4494804,0.8589505,1.0390197,1.0175967,1.0003886,2.4740887,1.1924235,1.0165398,0.965529,0.78929204,0.99353,1.5310931
1729,0.9662598,1.1543012,1.7457569,1.2157505,1.5445467,1.7230216,1.2217965,1.5445131,1.6210371,1.3548479,1.0352448,0.9856685,1.0209962,0.7458993,1.09292,1.5865736,1.0328891,1.1087749,0.9825944,0.38539732
1730,0.78550607,0.8272974,1.5507622,1.476311,1.2147812,1.5215708,1.2126648,1.2141788,1.6928302,1.3922224,1.0200906,0.98331726,1.0152285,0.86238015,1.1122191,1.0265514,1.034023,1.0962597,0.98040855,0.44414002
1731,1.1949193,0.72789055,1.0513101,2.0242922,0.7210827,1.6436383,0.88765186,1.4497718,1.5749257,1.2725599,1.0268947,0.9867625,0.9354398,2.0656161,1.1226244,1.810401,0.9795766,0.8906594,1.0168087,1.2666066
1732,1.1386867,0.9693385,1.4393022,0.51286674,1.593277,0.9119591,0.7533911,0.82745034,0.5554674,0.62906086,1.0218606,1.0088266,1.0204116,0.3875165,1.2374249,0.83327043,0.98581845,1.069349,1.0279431,0.93208843
1733,0.66041416,1.3371527,0.87331825,1.4300382,1.2256366,1.5134226,1.4696348,1.4539012,1.8372808,0.77036834,0.96221673,0.9876633,0.9456111,2.8605337,1.1397152,1.3599582,0.99069875,1.0104561,0.9937835,1.3559873
1734,2.0483656,1.3095348,1.7074482,1.6292577,1.502369,0.94983333,1.6647561,0.63576233,1.3653287,2.2682421,1.1196272,0.99755925,0.95054877,2.012519,1.2013513,2.1584432,0.9575236,0.7617621,1.0344528,1.2466443
1735,1.3953857,1.4929848,1.7766564,1.4427977,1.5593594,1.9646591,1.2382016,1.2045361,1.3032236,0.5462736,1.045425,0.9943463,0.987027,1.5810741,1.0768293,0.5382211,0.98855793,0.861887,0.9952576,1.5104904
1736,1.8107393,1.7156465,0.83057934,1.5604788,0.9677907,1.6107901,0.8161649,1.4381655,1.0804712,1.2306197,1.0384655,1.00661,1.0125611,1.544508,1.1156633,0.9467466,0.9751969,0.8548077,1.0134715,1.4073632
1737,1.6226101,1.3734629,0.99435467,1.1992166,0.71631277,1.1016358,1.3076663,2.0234094,1.237665,2.0780647,1.0301998,0.99720097,0.9762139,1.4018148,1.1754594,1.1574392,0.98834306,1.0094955,1.012907,0.98677784
1738,1.5806265,1.4956031,1.4076846,1.1620817,1.2347102,1.2438811,1.3245767,1.8648835,1.568275,1.1044643,1.0220987,1.003529,0.9702921,1.4105252,1.0861211,1.2008094,0.9764436,0.94319135,1.0127025,1.2734416
1739,0.9499585,0.80493826,1.2107525,1.4386683,0.86078906,1.2161368,1.0361829,1.5512587,1.6807456,1.1833593,1.0014762,0.9989957,1.0318788,1.0162452,1.089695,1.660476,1.0244849,1.097774,0.9848044,0.4830232
1740,1.2002642,1.6519699,1.0506663,0.8379525,1.3881761,1.067695,1.6748335,1.0884712,0.85899687,1.4039677,1.0038941,1.007607,1.0248752,2.343234,1.2583648,2.9241357,1.005472,1.0741388,1.0030746,0.53085333
1741,1.0103924,1.6043389,1.3987691,1.026824,1.8049208,1.4509686,1.6295638,1.2135085,1.472989,1.2648624,1.005943,0.99239963,1.0005022,2.2637346,1.180062,2.249179,1.0141556,1.0839193,0.99701405,0.6528386
1742,1.0705168,1.6028638,1.1748259,1.4414942,1.3820574,1.5479277,1.5210941,1.5867859,1.6999274,2.410117,1.0924661,0.99380827,1.024002,0.66259897,1.1645848,1.8410785,1.0164822,1.0475309,0.9822941,0.24338531
1743,1.6606994,1.2535539,1.0552235,1.6274962,0.885679,1.1274675,1.1228814,1.1088212,1.2673352,0.64883554,1.0407772,1.0150433,0.99612767,1.1846925,1.118394,1.3267419,0.9661198,0.82714784,1.0182235,1.4231033
1744,0.8701586,1.0192671,1.5237839,1.0773013,0.7981626,1.4915196,1.3487047,1.6994638,1.41451,1.3996631,0.97164047,0.9868132,0.9806773,2.0514793,1.1315213,1.0825821,1.017764,1.118839,0.9918381,0.8245643
1745,1.1998823,1.0422387,1.1771717,1.1218984,1.3715161,1.3438584,0.71481055,1.0077618,0.9217651,0.51384103,1.0316975,1.0036523,1.0130519,0.51692045,1.1694031,1.6848562,0.98752606,0.99009633,1.0191963,0.9706002
1746,1.4738362,1.5938134,0.8957802,1.2131302,1.7901108,0.8571872,1.0698484,0.98681235,1.4593036,1.6958302,1.0717287,1.0125567,1.0310342,2.0709198,1.2001793,0.55887854,0.9757204,0.93845004,1.0083244,1.3406258
1747,0.7314462,1.2524426,1.4059184,1.5479114,0.92713666,2.0549872,1.4229894,1.7537202,1.9027998,1.5352849,0.97690046,0.97377336,0.9690181,2.4903412,1.0843283,1.4293371,1.0285147,1.0943327,0.98106956,0.7980121
1748,1.5453887,1.5302916,1.5541935,1.1814239,1.0764083,1.0775565,2.0927525,0.75820905,1.0093306,1.7004858,1.0413297,1.0010958,1.0037278,1.8297774,1.238296,2.3879125,1.0049257,0.98169917,1.0104059,0.6303072
1749,1.5594978,1.3046212,1.1983368,1.6525059,0.7250805,1.4528068,1.4422004,1.1889076,1.1541218,0.98577034,1.0381267,1.000599,0.9618318,1.5000982,1.1606959,1.3120992,0.97455955,0.85497314,1.019738,1.3823972
1750,0.6348122,1.1329153,1.7824152,0.8861667,1.6377319,1.521154,1.5667746,0.9948315,1.0539958,1.7531594,1.0491179,0.9929488,1.0316259,2.1050339,1.2318543,2.6256936,1.0296307,1.1294112,0.97610575,0.24581334
1751,1.7244208,1.2222509,0.9646671,1.6263716,0.7675822,1.6003987,0.5092603,1.2863365,0.993937,1.4920512,1.0433388,1.0046481,1.0368017,0.9644151,1.1247363,2.6451554,0.9977954,0.9554425,1.0242443,0.61935186
1752,1.7660246,1.3740375,1.359381,0.83920556,1.6515338,0.79308885,0.9803632,1.5446974,1.0974245,1.9949099,1.0361705,1.0052984,0.9892494,2.1777067,1.1769015,1.397581,0.9710699,0.96321875,1.0216055,1.0942644
1753,1.8161998,1.5053136,1.7103217,1.6313441,1.3681813,1.8596636,1.2954972,0.5355329,0.82323027,1.7555996,1.1390725,0.99032784,1.0118948,1.3409107,1.1864204,0.34756306,0.9843625,0.7708776,1.0002444,1.5497305
1754,0.8630323,1.3109565,1.0073016,0.82858896,1.3135008,1.4577657,0.84675676,0.8381462,0.38779998,0.4483417,0.9403472,1.0033296,1.0263023,2.7358732,1.2258761,0.5846076,1.0012953,1.0429221,0.99557596,1.1698469
1755,0.9844777,1.209434,1.2409549,0.7903201,1.3490362,0.9461741,1.3461473,1.6554427,1.3506663,2.00002,0.9817214,0.99137974,1.0051591,2.1908622,1.1902184,1.0008688,1.0171388,1.1551507,0.98753345,0.6049323
1756,0.7300785,1.7721179,0.6777946,1.0247767,1.9125801,1.472263,0.78921825,0.9622176,1.7642031,1.5125258,1.0245459,0.99881804,1.0204366,2.2760978,1.2180308,0.42843202,0.993033,1.1245792,1.0213681,1.1886146
1757,1.3178756,1.2910337,1.5760193,1.0492954,0.71771395,1.6573497,1.5378743,1.5201253,0.63261783,2.7436337,1.0138468,0.980149,0.9684324,2.9885674,1.2645221,1.7498629,1.014659,1.0767393,1.0070014,0.6192714
1758,1.1511536,1.622839,0.38953292,1.4465202,1.6980428,0.91092557,1.4702797,0.6910104,1.3050095,0.6097287,1.0003538,1.0068133,0.9710123,2.4134765,1.2425318,1.7916794,0.96353245,0.88324016,1.015349,1.3789554
1759,1.4713981,1.0381398,2.184221,0.91005874,1.470538,1.0280763,1.729263,0.7992682,0.9596076,1.4396249,1.0534502,0.9999916,0.9887786,1.9510707,1.203339,2.3040423,0.99518025,0.97458756,1.0131668,0.8214521
1760,1.5013266,1.5927548,1.0154166,1.5590653,1.1090596,1.4604381,1.3165886,1.8635918,1.8830051,0.527007,1.0332811,1.0057458,0.96192884,1.0842181,1.0548435,1.6904233,0.966665,0.87998784,1.0143894,1.4963236
1761,0.98194367,0.9444068,1.4313915,1.2492344,1.4448593,1.5322453,0.7646068,1.7130634,1.6918554,1.5452515,1.0265832,0.9830167,0.98672503,1.2010895,1.0919086,0.6626965,1.0055153,1.0568495,0.99349856,0.9330155
1762,1.6563258,1.3391876,0.8739459,0.6914268,0.8772186,0.6860439,0.9235187,1.5866313,0.691211,0.6254438,1.0051756,1.0259774,1.02646,0.5190126,1.184135,1.9697838,0.97252357,1.0182338,1.0312083,0.9890464
1763,1.5523336,0.6213874,1.6788185,1.6759157,1.0292327,0.95808214,0.98733455,0.57209414,1.0522332,2.5400434,1.1677549,1.0119743,1.0444535,0.36580455,1.2069504,2.5353653,0.9878069,0.8765846,1.009934,0.34789044
1764,1.5961406,1.0257568,1.9574761,0.97870153,0.7995498,1.3838307,1.1244929,1.5075399,0.9367958,1.7719024,1.0345277,0.9962763,0.9989164,1.1984357,1.1364614,1.4350765,1.00268,1.028097,1.0166767,0.7667025
1765,1.545655,1.0225573,1.4187291,1.7145274,1.0573169,0.9186253,1.5437635,1.3909544,1.9984468,0.9675044,1.0784837,1.0075023,0.974881,0.3846401,1.076824,1.7010598,0.97498727,0.86861116,1.0109309,1.1476684
1766,1.4970195,1.2871842,1.4454906,1.148725,0.9893433,1.1830076,1.5437951,0.88705117,0.89352345,2.6993697,1.0767322,0.9869552,1.0026075,1.9550886,1.2644185,1.0246046,1.001882,0.98768,1.0038877,0.91683865
1767,1.0680654,1.2815022,1.2289743,0.7957737,1.1456813,0.9435968,1.3110764,1.2351291,0.71102214,3.0457006,1.0682476,1.0099089,1.0306908,2.7613115,1.3045403,2.770407,0.9953284,1.0716112,0.99689835,0.2857001
1768,1.092022,1.0057707,1.532342,0.7370261,1.2513968,0.96369094,1.2641139,1.3773293,1.0556283,1.0475146,0.99352634,1.003356,1.0099438,1.529869,1.1758351,1.6304827,1.0050032,1.0992334,1.0021387,0.73899585
1769,0.8963819,0.61132246,1.4501212,1.5192227,1.722157,0.7018134,1.2540758,0.78302664,1.6860523,2.1463675,1.0998051,1.0064635,1.0320274,1.7594088,1.1966776,2.6834407,1.0031197,0.9943228,0.9833896,0.28833944
1770,0.65085167,1.1417756,0.53987515,1.4247272,1.1065552,1.0203372,1.1727048,1.5906779,1.7640007,2.1369286,0.9773375,0.998119,1.0229554,2.91784,1.1776258,2.247801,1.0197532,1.132356,0.97497475,0.33119488
1771,1.4541621,1.7811778,1.1996901,1.0043216,0.84918505,1.3462628,1.7424693,1.7438986,0.96012545,2.530861,1.0487739,1.0045085,1.0065722,2.2242746,1.2362282,2.7821074,1.0008564,1.0479871,1.0039167,0.45784342
1772,1.2491302,1.4427178,1.1707401,1.424355,0.7966784,2.1319685,0.91406024,1.3842888,1.0607018,2.8119009,1.072408,0.9713706,1.0244061,1.2317511,1.1900725,0.57394683,1.0275385,1.0611596,0.99083656,0.7099478
1773,1.5720108,1.4836705,0.9345665,1.9780984,0.94006765,1.3564264,1.5920908,0.8997105,1.653764,1.6187601,1.048898,0.9975105,0.96560687,2.3244176,1.1620231,2.5665903,0.9769381,0.838167,1.019834,1.1263618
1774,0.7407052,0.9842716,0.91065603,1.6944954,1.1591415,1.572688,0.8537144,0.93812895,1.3686152,2.0832005,1.0765288,0.9931707,1.0505873,0.68612945,1.1940747,1.7920222,1.0233313,1.0527902,0.9825974,0.17091571
1775,1.9722271,0.81880075,1.4361181,1.5030742,1.057844,0.4252345,1.1061404,0.73740566,1.0068809,0.7254578,1.0561969,1.0327418,1.0105103,2.1874897,1.1401433,2.2523324,0.95047295,0.7552854,1.0233173,1.4467695
1776,1.4526689,1.348587,1.8732431,1.3147109,1.7732738,1.8243212,0.93636197,0.8979994,1.4797869,2.6753576,1.1335475,0.97916234,0.98924387,2.0319252,1.1799402,0.63773835,0.9888644,0.9414779,1.0168625,1.3071611
1777,1.0834799,1.140584,0.96330875,1.8017325,0.74431854,1.7750852,1.0867739,1.0839353,1.2606013,1.5873467,1.0339197,0.9916839,1.0293965,1.3054701,1.1651058,2.3538845,1.0243738,1.0259504,0.99548715,0.39954275
1778,1.5168605,1.036731,1.7338767,1.2787983,1.1545378,0.7912995,1.812211,1.4424294,1.7574387,0.44325033,1.0623193,1.0153539,0.9602786,1.2071849,1.0964918,2.4100027,0.9632976,0.8737391,1.0146179,1.4171422
1779,1.3395281,0.737524,1.859468,1.1185876,1.0369914,0.7409832,1.6178579,1.123075,1.3721172,0.61205757,1.0538769,1.0117593,0.98377115,0.83268154,1.1393566,1.7823784,0.9797695,0.94116604,1.0109378,1.154908
1780,1.6303971,1.3836107,0.49882823,1.0577409,0.6298535,0.87938136,0.8867676,1.9040924,0.76526046,2.0849972,0.9590645,1.0078669,0.9932722,2.7705402,1.2245562,2.2641509,0.9861316,1.0566617,1.0265937,0.71639645
1781,0.94374686,1.1782827,0.44838822,1.61362,1.3040239,0.9923484,0.9669532,0.9332534,1.3363329,2.403973,1.0553653,1.0050915,1.0380065,2.103074,1.2480116,2.6247904,0.9997546,1.0111955,0.9931363,0.29589245
1782,1.2844443,1.2693853,1.3602567,0.79024273,1.1909263,1.6372067,0.7232816,1.2964917,0.5995449,0.46549895,1.0053626,1.004775,1.0134832,1.3051871,1.1671946,2.3019068,0.99011374,1.032626,1.0232608,1.0257506
1783,1.6371138,1.332722,1.7870517,1.0351326,1.9292804,0.9073066,0.72038597,1.3719891,1.8867346,1.0966022,1.0864031,1.0292993,1.0521128,1.6230465,1.056911,0.57841384,0.97383547,0.96036565,1.0182048,1.3805673
1784,1.2851257,0.8980451,0.7270598,1.5890198,0.64544153,0.87078065,1.0727944,1.3727735,1.1943016,0.9519354,0.97213036,1.0117047,0.9776726,2.9757109,1.1653513,1.5968366,0.9745127,0.9148612,1.0073512,1.3285413
1785,1.899832,0.98580366,1.8803604,1.260519,1.2059563,0.9354529,1.1555775,1.6596444,1.460216,2.8129797,1.1113224,0.9970592,0.9994584,2.2736878,1.1179972,0.72353554,0.9820023,0.8899727,0.9930498,1.3228481
1786,1.1066172,0.8948296,1.2398238,0.65028614,1.014057,0.4860224,1.3535337,1.3155881,0.9530597,1.8602198,1.0172399,1.0022042,1.015559,1.5138386,1.2487192,0.53984165,1.0006403,1.1061856,0.99500704,0.88394994
1787,0.83666927,1.340061,1.6793232,1.0187457,1.6819682,1.2503747,1.8425292,1.4159019,1.5546309,2.4567368,1.0558794,0.9929004,1.0055579,2.5931692,1.2063925,2.5089996,1.0188026,1.0966746,0.9747972,0.29366443
1788,1.5523968,1.7037771,0.94447434,1.3498945,1.1450378,1.6850854,0.919493,1.4056047,1.063466,2.2601123,1.0181609,0.9936559,1.0120192,2.356758,1.1771127,2.5063803,1.0020251,1.0111444,1.0165598,0.567063
1789,2.014959,1.7991643,1.0071182,1.6728585,0.66880584,1.760903,1.4920865,0.91804856,0.50767195,1.529661,1.0552083,0.99665284,0.95158374,1.7754127,1.2512771,1.9212112,0.9659475,0.80005723,1.0458479,1.322212
1790,1.0015454,1.2729192,1.0829718,1.1248002,1.327953,1.546431,0.89739627,1.2638584,1.093091,1.6486229,0.9715667,0.9890503,1.0126872,2.6861854,1.1824287,2.0989885,1.0173389,1.1048799,1.0005112,0.55912554
1791,1.7249997,1.3138921,1.5797577,1.2054596,0.74004936,1.2615162,1.8293729,1.9493018,0.84897876,0.5291699,1.0042099,1.0132943,0.9503921,2.6946545,1.1538911,2.1720238,0.9739179,0.8886222,1.0104796,1.4736569
1792,1.4066536,1.1246746,1.0084326,0.7495734,0.60544556,0.5677547,1.2945137,0.9844626,0.43983877,0.5818726,1.0083401,1.0230144,1.0361975,0.4183178,1.2437576,0.6230068,0.98355603,1.0072392,1.0149192,1.105665
1793,0.5676625,1.0422375,1.3099298,1.2468746,1.706184,1.5665864,0.92048293,0.8158408,1.3867878,1.6360832,1.0568573,0.99062175,1.0528586,0.6278988,1.1982696,1.2084525,1.0325601,1.1408726,0.98624504,0.19822797
1794,1.1302555,0.9184893,1.350024,1.2908318,0.9896742,0.86375445,1.5257702,0.9743627,1.2850385,0.3092902,1.0025734,1.0139763,0.98727757,2.231956,1.1540204,1.609816,0.9777788,0.9164877,1.0006555,1.4096332
1795,1.7588413,1.4467654,1.5344617,0.9996482,1.0056497,1.6076653,0.89396137,1.7386767,0.9499861,0.8739393,1.0406826,1.0107665,1.0289553,0.7269381,1.0934135,2.8101652,0.9944659,1.0012492,1.0220325,0.8032587
1796,0.92549926,1.2068331,1.1918936,1.186722,1.255401,0.7981996,2.029274,1.079428,1.5427761,0.53653467,1.0199006,1.0107821,1.0386279,0.7494041,1.1800147,2.4007483,1.021934,1.0820336,0.9804304,0.44993812
1797,1.5729764,1.2053766,1.2815292,0.80159837,1.6669935,0.9692196,0.5195312,1.0932497,0.9348355,2.6036222,1.1232312,1.0004362,1.0523967,0.5383955,1.2400492,0.33975002,0.9903262,1.0422044,1.018369,0.895336
1798,0.90368444,0.62753516,1.1938686,1.6928434,0.569371,1.2987684,1.746036,1.6587113,1.3306998,1.2078775,0.9975987,0.98609406,0.930788,2.1936502,1.2088631,1.8594966,1.0060174,1.0187597,0.9970817,0.89017427
1799,1.4116559,0.9155379,1.1776814,1.6971176,0.90188515,1.3883268,0.71561664,1.7161807,1.823717,2.0397415,1.0616851,0.98944867,0.9724596,1.7289056,1.079935,0.9324548,0.9797573,0.9167391,1.0051407,1.3351865
1800,1.511661,1.6081276,1.1457522,1.4941432,1.3682427,1.7569875,1.0687009,0.64315665,0.7792226,0.46737424,1.0342836,1.0032274,0.9980875,1.6868935,1.1736985,1.2953162,0.9748517,0.8303654,1.0185592,1.4487464
1801,1.3131847,1.3708024,1.36622,1.4124311,1.4053319,1.5109335,1.2553186,1.6767837,1.7815726,1.3915906,1.0187554,0.9934915,0.9763074,2.241294,1.0883439,2.3658872,0.9947469,0.9839387,1.0037444,0.9428906
1802,0.7425168,0.92959636,1.4807262,1.4422424,1.4997848,1.7585143,0.9581427,0.9268308,1.3397536,1.9766349,1.0197052,0.980311,1.0176374,2.5362844,1.1721823,2.1829326,1.0307896,1.0852565,0.9844749,0.3430306
1803,0.6689176,0.99124604,1.1710112,0.79212844,1.0689447,0.6923,1.7076147,1.3400139,1.3537185,0.95014036,0.95018005,0.9999225,0.9769064,2.3422422,1.2124008,1.0067341,1.0012237,1.1203916,0.9918259,0.98733896
1804,0.65656453,1.3127728,1.2411821,1.477704,1.3220016,2.3025203,0.93405694,1.4731691,1.602463,1.3960418,0.97086835,0.971917,0.9868839,2.8027797,1.1066675,1.8923016,1.0290234,1.1021404,0.98635805,0.72983927
1805,1.176728,0.9333374,0.7744126,1.3395438,1.0608321,0.70671767,1.0949471,0.99892074,1.275966,0.5386642,1.0144885,1.0147154,0.99973273,1.2380666,1.1833755,1.9609094,0.97392935,0.95009553,1.0158687,1.122879
1806,0.5587842,1.6069574,0.9043612,1.2675257,1.0837739,1.5056866,1.8990259,1.6236385,1.7828623,1.7952856,0.9942803,0.98486745,1.0181149,1.2850488,1.179279,1.0365565,1.0428506,1.1839154,0.9648434,0.2827698
1807,1.0723138,0.9516521,1.6170096,1.3452528,1.5619929,1.3271712,1.0581989,1.663041,1.8480514,2.0801067,1.0192583,0.98860675,1.001065,2.4493957,1.0902268,2.1503704,1.0174732,1.0714493,0.98578095,0.4633246
1808,0.63064367,1.5826902,0.39956135,0.63003224,1.0756391,1.078699,1.1797746,1.7952685,0.94333327,2.8321812,1.0195074,0.9958429,1.0424846,1.9148105,1.3052101,0.78208625,1.0167382,1.2159389,0.974013,0.44253102
1809,1.6984096,1.2840538,1.5926442,1.3348069,0.9790393,1.5594648,0.9692452,1.2144408,0.87595725,0.55361485,1.0113355,1.0150245,1.0056871,2.9159408,1.0937836,2.2025168,0.9743884,0.84785074,1.0124148,1.4938364
1810,1.1119289,0.71748966,1.624553,1.063998,0.96901524,1.1379687,1.0196286,0.9713793,0.8088062,1.3464601,1.0646701,1.0127189,1.0586864,1.0422698,1.1916559,2.796857,1.0111399,1.0515853,0.99720645,0.37803563
1811,1.1918828,1.0276337,1.2636149,1.2958875,1.4715096,1.0637399,0.9573583,1.2920421,1.364708,2.4344618,1.099635,1.000348,1.0315099,0.76918066,1.1884682,1.6368077,1.0009121,1.0172346,0.9940292,0.39067537
1812,1.5315218,1.0453424,1.3450248,0.96118563,1.4629104,1.1255583,0.5181338,1.323762,0.83837724,1.6977314,1.0518714,1.0006013,1.017904,1.4544662,1.1702168,0.6017815,0.9826303,0.9678551,1.0094284,1.1686324
1813,0.70057636,1.25508,1.1561744,1.1361626,1.7751849,1.5014309,1.0478119,1.2274033,1.3671173,1.6902303,1.0258434,0.9952002,1.0366563,2.2387388,1.1909866,2.6715245,1.0223067,1.1219087,0.9831023,0.29152033
1814,1.7468839,1.2024841,1.7466955,1.4271204,1.386013,1.7489511,0.63238466,1.317015,1.1427912,0.80416095,1.0611781,1.0020643,0.98978066,1.1814584,1.0617759,1.300084,0.9717431,0.83928466,1.0216676,1.4046481
1815,0.7920341,1.0612595,1.0597978,1.6940341,1.2683347,1.7312733,0.8935521,1.1143564,1.5590544,1.9071373,1.0538648,0.985341,1.0360097,0.7298509,1.1504468,1.4669676,1.0295624,1.068063,0.982566,0.24799505
1816,1.2077973,1.3347323,1.0989594,1.2362343,0.8974625,1.6230508,1.0072229,1.7447654,1.3768531,2.1437845,1.0359838,0.98274326,0.98821104,1.8469888,1.1520139,0.3794091,0.999438,1.0261064,0.9944462,1.2311623
1817,1.0736985,1.3937325,1.5714808,0.9965517,0.961465,1.4321944,1.9290304,1.0358926,1.0473825,0.44380322,1.0302744,1.0006572,1.0131409,0.23873627,1.1892577,1.567538,1.0141549,1.0530205,0.99904865,0.79770774
1818,1.8060343,1.5420966,1.7512319,1.0023301,1.7334087,1.3536898,1.2292249,1.7345247,1.3674576,0.5619849,1.0530411,1.0112832,0.9677298,1.7310436,1.0780673,2.6184938,0.95903796,0.87254876,1.0253153,1.4564645
1819,1.2925637,1.0814056,1.2706215,1.3962001,0.6651883,1.0883914,1.8883877,1.2901111,1.0860366,1.9149183,1.0233603,0.9902934,0.9426619,2.8201666,1.2512026,1.197754,0.9879228,0.94990855,1.0040708,1.2521791
1820,1.1218064,1.4946649,0.46304965,1.4125602,1.2028148,1.021124,1.2880222,0.686834,0.945004,2.0363553,1.0651736,1.0062742,1.0423479,0.8487016,1.2956363,1.9346724,0.99964213,1.0063882,1.0041113,0.34518018
1821,1.1674175,1.2045393,0.8723632,1.4991152,0.8865568,0.9398369,1.5113555,1.1881372,1.5666379,1.52909,1.0011663,0.99989444,0.99249405,1.8629786,1.1772459,1.6015908,0.9983733,1.003902,1.0020713,0.8128024
1822,1.5461266,1.129561,2.0162945,1.0718226,1.3494653,1.5765013,1.0131854,1.5994726,1.235862,2.4852633,1.0578322,0.9830487,0.97819126,2.7999196,1.1262307,0.92400837,0.9943054,0.96922743,0.9997661,1.2140856
1823,1.3848641,1.0042124,0.8942315,1.3317559,1.2396183,0.70894307,1.1213872,0.65485674,0.9965073,0.8038136,1.0216744,1.0167342,0.9983003,2.3897057,1.223758,3.044636,0.96665704,0.90087306,1.0255401,1.1197808
1824,1.2085447,1.3561833,0.79271567,1.7665424,0.92347443,1.6487707,0.73013115,2.0302277,1.74944,2.7687068,1.1108389,1.0055951,1.0475702,0.9605397,1.1095327,2.8795514,1.0047891,1.0101813,0.98603755,0.1809391
1825,1.785389,1.59693,1.6889083,1.4461071,0.95640504,1.2877024,2.046778,1.0152452,1.2488788,0.89917886,1.0447272,1.0107481,0.9657116,2.7028203,1.146477,2.4004066,0.96854454,0.8065829,1.0158255,1.5145481
1826,1.0014396,1.2947595,0.51797026,1.4322219,0.5988029,0.8897061,1.7149272,0.7351462,1.0693631,2.1144314,1.0213543,0.9967767,1.0276955,1.7082888,1.2984037,1.1767792,1.01516,1.0540123,0.99042773,0.60767263
1827,1.5056691,1.4609737,1.6576183,1.4076602,1.3927113,1.9784569,0.89002126,1.2647189,1.0341108,1.0788997,1.0237163,0.9956605,1.0068238,2.7190418,1.0859421,0.6814728,0.9928324,0.87752205,0.99245685,1.459604
1828,0.95359594,1.3280241,1.1444781,1.3371482,1.3277941,1.9935726,0.7545071,1.4612641,1.3399541,1.2563024,1.0022868,0.9841249,1.0285916,1.0182123,1.1145571,1.6098152,1.0301512,1.1110433,0.9932714,0.45479432
1829,1.4452164,0.59634644,1.0052743,1.6955268,0.627588,0.9412145,0.9399713,1.9669614,1.4182689,3.041078,1.1145642,0.9929911,0.9933896,1.0391241,1.1918734,1.0768363,0.9946337,0.9764532,0.9926442,0.746445
1830,0.83091575,0.96653205,1.3547902,1.0596106,0.8301563,1.4109706,1.1812315,1.9217374,1.5741348,0.36996022,0.9797167,1.001651,1.0015347,1.1856054,1.0760541,1.669761,1.0093589,1.1053416,0.98992807,0.95981824
1831,1.270422,1.4531679,1.1378465,0.7933386,1.1923054,0.97800297,1.359302,1.8012881,1.2798594,1.9541072,0.97946084,0.99627155,0.9867879,2.4019203,1.1839283,1.255769,0.9985602,1.0973443,1.0035723,0.8482092
1832,0.61300844,1.1849985,1.182365,1.4985933,0.7628795,1.6494709,1.8360364,1.5092989,1.3044251,2.5590732,1.0609365,0.9891057,1.0059991,2.1425064,1.2510785,2.4931576,1.0307441,1.1051491,0.96971923,0.15089107
1833,0.8892928,1.8520684,0.6554611,0.5806114,1.8486265,1.3608648,0.50674194,1.2854239,1.2664582,2.4743774,1.0152094,0.9993858,1.0655729,2.3647957,1.2580491,0.6095722,1.014363,1.2483017,1.0155703,0.618757
1834,1.6902802,1.5306141,1.2167351,1.1982024,1.5164832,0.6677632,1.700569,1.2795731,1.4295001,2.896759,1.059117,0.998707,0.98239326,2.8197808,1.2308555,2.055239,0.9833961,0.9548258,1.0089644,0.7723804
1835,1.5413618,1.6036267,1.2668784,0.42457968,0.99886954,0.8192255,1.5263276,1.1445296,0.18261577,1.7309567,1.0541929,1.0247424,1.0471438,1.4194101,1.3087077,2.9367723,0.98717946,1.052155,1.0193725,0.5105897
1836,0.6130499,1.6454725,0.73029286,1.5203376,1.4645096,1.8893148,1.2849166,1.3492694,1.6331086,2.5023077,0.9975577,0.97560775,1.0071713,2.810124,1.2010586,1.8456943,1.0333785,1.1269383,0.9763042,0.26451188
1837,1.7844307,1.2407291,1.0423312,2.0447583,0.5218495,1.5864311,1.9300762,1.6334625,1.0333403,1.7390476,1.0862205,0.98276955,0.8870077,1.0793782,1.2558099,1.6049314,0.96984196,0.8166768,1.033951,1.28249
1838,1.9217443,1.3499637,2.2511146,1.2442057,1.0116607,1.6454202,1.650593,1.9286743,1.357204,2.1686046,1.0484489,0.98943406,0.9330739,2.9482474,1.1031175,2.7113528,0.9847557,0.92214745,1.0228729,1.0768049
1839,1.5678024,1.4372733,0.8414282,1.1171994,1.6483103,1.0692667,0.7355114,1.203284,1.0079598,1.4000415,1.0046182,1.005094,0.97435975,2.831554,1.1989963,2.4892411,0.9603001,0.92350215,1.0349518,1.197679
1840,0.5277435,1.5702517,1.1383109,0.81134593,1.1808952,1.316152,2.0211375,1.5254844,1.2853174,1.4866374,0.9989246,1.0027218,1.0377498,2.347096,1.2313678,2.8289745,1.0337974,1.195809,0.9659698,0.24866563
1841,1.7905412,1.2645631,0.9129885,1.6423154,0.6120492,1.2530311,1.435507,1.2354455,0.721406,1.5544695,1.040582,1.0030216,0.96716845,1.8848978,1.2475431,2.873965,0.9796866,0.8951171,1.0337147,0.8965299
1842,0.94469243,0.9518456,1.3709092,1.5059488,0.9113004,1.6929961,0.84858215,1.3816937,1.3674855,2.7546382,1.0610803,0.9875572,1.0283567,1.8753475,1.1590841,1.8365853,1.0226346,1.0695832,0.9849588,0.29252636
1843,1.44855,0.8709524,1.5416381,1.7066531,0.799672,1.1307563,1.7950118,1.9312258,1.8252978,0.9226998,1.0565423,1.0026634,0.9526789,1.09616,1.0932195,2.486188,0.9892104,0.9271077,1.0029175,1.0002189
1844,1.0539243,1.2070708,1.6418862,1.3402152,1.5284387,2.025992,0.9833797,1.227579,1.3138084,1.0972518,1.0247033,0.98755497,1.0255883,1.8281116,1.1077635,2.8679013,1.0273075,1.0612226,0.9930097,0.49743494
1845,0.99017864,1.1225,0.58065736,1.7460153,0.6177526,1.8169019,1.0975187,1.4659768,1.0244927,0.8621187,0.9878831,0.99150074,0.9833946,1.9312723,1.1994104,2.6283627,1.0092106,1.0234766,1.0059279,0.77705544
1846,2.0417933,1.2919831,1.2500908,0.9983675,0.79600376,0.8013453,0.9828606,1.5380677,0.8539253,2.2968721,1.0793194,1.0097423,1.0249505,0.57988465,1.1861851,1.2412344,0.98085856,0.964838,1.0252162,0.88872474
1847,1.0631778,1.2277238,1.0450087,1.5646083,1.3168942,1.1239907,1.4787357,1.082704,1.6307793,1.9345459,1.0483537,0.99671125,1.0186726,1.4445449,1.183451,2.0086064,1.0128514,1.0222257,0.98905075,0.39845034
1848,0.9053443,1.2295916,1.3259857,1.058824,1.1034008,1.2378188,1.5820849,1.1546006,1.1552222,0.8260479,0.9830936,0.99818623,0.99438715,2.3716369,1.1812198,0.45695934,1.0012425,1.0156206,0.9841419,1.2833357
1849,1.6415646,1.0380626,1.1217697,1.1045308,0.7279311,1.0450081,0.53851277,1.6955761,0.9139174,1.429273,0.9913553,1.011865,1.0085543,2.0914364,1.1241705,1.3382273,0.978456,0.9747768,1.0195055,1.1317506
1850,0.5709601,1.2981248,1.9278276,0.9284167,1.7775006,1.8119966,1.6532216,0.40806508,0.6896746,2.579299,1.113084,0.99103594,1.0408361,2.4852905,1.3269104,3.081568,1.0262827,1.0901132,0.98062164,0.08447987
1851,1.941539,1.5663621,1.2297478,1.0817816,1.4535083,0.5681214,1.4777122,1.1450647,0.9696605,0.7419232,1.0375091,1.0271438,1.0126097,1.4547625,1.1658714,1.2657928,0.9620482,0.8445162,1.0160596,1.3216112
1852,1.7237916,1.1212366,1.5411181,1.4042766,1.2072369,1.0141805,1.3029487,0.9963005,1.1553141,2.522743,1.0910736,0.9963084,0.9984331,2.7467546,1.1944798,0.93996954,0.98119694,0.86285555,0.99806523,1.3410139
1853,1.7184377,1.4547749,0.958134,1.131367,1.0966758,1.0604471,0.97121674,1.3337146,0.93753606,2.8250813,1.0346183,0.9946887,1.0011439,2.654663,1.2306169,1.5990407,0.9871229,0.9893729,1.0187324,0.88042456
1854,0.82818466,1.2635915,1.2932391,1.2067957,0.69050014,1.7059585,1.6696483,1.0518863,1.0310309,0.8892318,1.0080855,0.98521936,0.97229993,1.3283111,1.2142835,0.3927125,1.0049329,1.0251093,0.99757093,1.2612
1855,1.8460255,0.8231421,1.8763645,0.9355554,0.85461414,0.58101267,1.1759201,1.2668414,0.8440714,1.0341707,1.0432678,1.0232071,1.0144444,1.2307466,1.1334629,1.2469031,0.972922,0.9096043,1.0177257,1.1940169
1856,1.2464628,0.9768923,1.5673695,1.5346837,1.3207563,1.3693753,1.2415721,1.2323736,1.6354003,2.5704484,1.1281167,0.98320395,1.022271,0.39932,1.156739,0.71519005,1.0159646,0.99667335,0.98144937,0.643585
1857,1.230896,1.5058026,1.5445049,0.8650423,1.6364063,1.3493456,1.4273942,1.5773599,1.3163031,1.2308754,0.9875425,0.9938558,0.9609109,2.7738266,1.1507738,1.4568261,0.98689985,1.0110847,1.006077,1.1978936
1858,0.8028994,1.2234111,1.089416,1.1792381,1.2907066,1.9362887,0.71519685,1.2730254,1.0849283,0.8840574,0.9766611,0.98780614,1.0138937,2.0235848,1.1511601,2.0569692,1.0172846,1.0984497,0.999256,0.74163705
1859,1.1202457,1.4959276,0.66401774,1.4127531,1.1836318,1.2715238,1.295159,1.632755,1.7350959,0.29546598,0.9986681,1.0058129,0.9669072,1.4542671,1.1147068,1.6850235,0.9711267,0.94298995,1.0096484,1.4356883
1860,1.6669505,1.3511269,1.2503192,1.275172,1.5554267,1.4456254,0.58826876,1.4864367,1.2172532,1.2966143,1.0252618,1.0012867,0.97519946,2.2913663,1.1114497,2.0281618,0.96555114,0.895531,1.0285311,1.2838087
1861,1.4936352,1.0001307,1.7279499,0.6245897,0.904179,0.7600948,1.2387328,1.8876259,1.0561337,0.51552594,0.986288,1.023445,1.0029191,2.1412458,1.1006762,2.080065,0.9783038,1.0126957,1.008745,1.250937
1862,0.97668475,1.525352,0.6945577,1.483258,0.6928047,1.5625094,1.6231298,1.1034727,1.0820742,1.7220119,0.9814486,0.98964816,1.0095068,2.2495365,1.2426136,2.0722132,1.0257031,1.0847437,0.9951457,0.46140254
1863,1.2836177,1.0037637,1.5557618,1.2994183,1.7059957,1.3640126,0.7479144,1.1997609,1.5427709,1.3409714,1.0425285,0.99372876,0.96908104,1.8440466,1.1206307,1.5141575,0.9769963,0.94835,1.0225595,1.1624734
1864,1.2763138,1.2059586,1.4008913,1.191478,0.9649228,1.0416497,1.4677062,1.819834,1.6563921,2.238132,0.995855,0.998125,0.998276,2.7682457,1.1267021,2.1823308,1.0109792,1.0783024,0.9924067,0.5506987
1865,0.9735324,1.6619699,1.6282849,1.0867488,1.1759814,1.8185004,1.8253813,1.5419396,1.2907977,2.230422,1.0794616,0.99432653,1.0293441,1.3902861,1.1907974,2.5409157,1.0271752,1.0970969,0.97844875,0.22968107
1866,1.2233164,1.2713943,0.56247526,1.460928,0.6125133,1.0644528,1.4176323,0.96179754,0.9907663,0.57467556,1.0118685,1.0119814,1.015701,0.8408419,1.2224013,2.1659496,0.9923634,0.98024875,1.0137193,0.8851213
1867,1.2689977,1.8126879,1.7522395,1.0747521,1.8422519,1.8196396,1.4584001,0.77616745,1.1350636,2.8257096,1.0700115,0.9862305,1.007812,2.9094214,1.24829,2.28989,1.0119284,1.0509205,1.0142701,0.4294448
1868,1.9011419,1.6767197,1.6676538,0.99198174,1.1124504,1.3957442,1.3389239,1.4599713,0.7292328,1.9746822,1.043565,1.004705,1.0276253,2.8234553,1.155867,0.676069,0.99343854,0.9164422,0.9921255,1.3243816
1869,1.9647593,0.99554676,1.3388693,1.6067924,1.0389069,1.2613488,0.5171696,0.8972923,0.8883766,0.5186192,1.0757005,1.0204754,1.007378,1.0746087,1.1055138,2.217299,0.95184404,0.7608211,1.0375803,1.4789908
1870,1.2173069,0.6626294,0.956804,2.329645,0.7193277,1.6713116,0.760105,0.9166572,1.549214,1.5738102,1.0494334,0.9890222,1.0004321,1.597829,1.1258935,2.4366262,1.0074383,0.9131879,1.0051744,0.6565096
1871,1.644588,1.5545774,1.3600426,1.5703423,1.6751832,1.600099,1.1520562,1.1381046,1.463826,2.7601728,1.0573335,0.97955716,0.96934575,2.891725,1.172234,2.024122,0.9918761,0.9215706,1.0155302,0.8398277
1872,1.4757235,0.7601724,1.8201053,1.622237,0.8162515,1.9795054,0.83760154,1.7843424,1.1566479,1.5034105,1.0459234,0.98831075,0.989517,1.6367751,1.0889423,2.8751295,1.0146526,0.9979433,1.0081841,0.6022547
1873,0.83786744,1.7441611,0.624854,1.1650653,1.1263458,1.3601681,1.7978404,0.9946864,1.149646,0.84217525,0.98806596,0.9958546,1.0291964,0.61851776,1.2414913,1.3142674,1.0260462,1.1178002,0.99116474,0.4965705
1874,1.6801062,1.5073743,1.9322984,1.1375473,1.3720196,1.7350179,1.4456954,1.2249436,1.0990758,0.49425045,1.0776982,1.0009394,0.966231,0.69597304,1.1202562,1.9181969,0.9702509,0.86594653,1.0283239,1.4308779
1875,0.90275055,1.18752,1.9544518,1.1722434,1.4704622,2.0330284,1.3079736,1.0302508,1.1968343,1.9346923,1.0053042,0.97005785,0.98703766,2.556776,1.1677135,1.518926,1.0326512,1.0950217,0.9923852,0.55595237
1876,0.7152526,0.8794318,0.7044817,1.1575482,1.7168924,0.7285468,0.7694949,0.85518795,1.1046964,1.5981904,1.0776068,1.0172954,1.0705186,0.8859931,1.2580619,2.5898182,1.0003477,1.0675675,0.98899955,0.19897309
1877,1.884265,1.3979487,1.5251398,1.4986291,1.4659019,1.2206544,1.2260386,1.2518641,1.4447883,2.438474,1.0536954,0.9960609,0.98404944,2.7109418,1.1416253,2.809194,0.9867199,0.90948474,1.0215269,0.7216245
1878,1.0751841,1.627361,0.8308167,1.2355875,0.7348972,1.8250059,1.4048473,1.3673238,0.97628284,0.33380035,0.99433494,0.9985605,0.99195415,1.0651437,1.1845113,1.9467244,0.9981039,1.0224082,1.0121776,1.0926293
1879,1.2189436,1.2564259,1.1916733,1.3612622,0.72216773,1.311535,1.7441022,1.4093397,1.1996256,1.3475791,0.9914614,0.9924464,0.9368403,2.6782942,1.2074239,1.5836866,0.9849364,0.96544546,1.0129504,1.2441504
1880,1.8602066,1.2607617,0.9963054,1.4110756,0.9853953,0.46334785,1.2719089,1.577823,1.4162546,1.9664017,1.0382725,1.0201821,1.0227005,2.987249,1.1313877,1.0018595,0.9731771,0.8648496,0.98931736,1.388022
1881,0.5898376,1.1354463,1.2838905,1.3904974,0.66089594,1.7600158,1.9017199,1.4827577,1.090966,2.796389,1.0745682,0.9767648,0.99588656,1.5286175,1.2888111,1.1973319,1.0375146,1.1278832,0.9674735,0.28957298
1882,1.193397,1.4389722,0.7327863,1.4933219,1.6949528,1.2738289,1.0864167,1.3121339,1.7063026,0.72582877,1.0185976,0.99925923,0.9563966,1.9531734,1.1422704,2.0763645,0.9648538,0.9052498,1.0179645,1.3623321
1883,1.1934638,0.80979866,1.5883734,0.7465828,1.774282,0.55657643,0.5676691,1.1659416,1.4754958,0.28599158,1.0342462,1.0305961,1.0420364,0.9520434,1.1106741,0.7613343,0.9741819,1.035542,1.0225569,1.2043557
1884,1.5193605,0.94850796,0.8072922,1.1994894,0.9482182,0.56173867,0.66082776,1.884139,1.475935,1.5295304,0.98753947,1.0182365,1.0230721,2.0390344,1.1060977,2.474815,0.98571724,1.0325868,1.0116125,0.71573526
1885,1.805557,1.6020403,1.6486249,1.1274176,1.400473,0.87114567,1.9942262,1.519101,1.5698318,0.87104094,1.05963,1.0131342,0.95880616,1.3605229,1.1255857,1.9614315,0.96196157,0.863819,1.0191119,1.3899164
1886,1.2671955,1.1080253,0.9724403,1.3080478,0.6901475,1.4976603,0.8308554,1.5000435,0.6140957,2.7805223,1.0311046,0.996906,1.0018963,3.003456,1.2607876,2.8385231,0.99952537,1.0385541,1.0113646,0.4332196
1887,1.317519,1.6023068,1.1734657,1.267864,1.3479457,2.072775,0.7760796,1.3327793,1.0598936,1.2758931,1.0058923,0.98469543,0.96291256,2.275114,1.1511489,1.7048934,0.9827936,0.95857733,1.0257554,1.2510717
1888,1.0667078,1.4734976,0.9688812,1.4212428,1.7564958,1.6792539,0.840104,1.7971984,1.724467,1.2172577,1.0751754,1.0044708,1.0543622,0.3924955,1.0889055,3.0212154,1.0141768,1.0544755,0.98460716,0.28490648
1889,1.7381077,1.4733231,1.9965878,0.916406,1.7069125,1.461836,1.2298871,1.5294563,1.1689017,1.7880327,1.0693638,0.99361414,1.0023106,0.6046759,1.1268588,1.6405355,1.0015684,1.0093415,1.0160269,0.6100992
1890,1.0611501,0.8123465,1.2788637,0.8806197,1.6587878,0.7065739,0.7519455,1.7763945,1.4924477,1.6804148,0.9851249,1.006256,1.0172338,2.7293954,1.1307117,2.4661207,1.0017523,1.1130054,0.993568,0.52668583
1891,1.0584469,1.0672278,1.3067765,0.70115197,1.1928881,0.70258206,1.5598974,0.92081386,0.8364967,0.7181417,1.0189621,1.0056981,0.99570775,0.5190238,1.2529745,0.6060424,0.9877672,1.0414369,1.010892,1.0647407
1892,0.8768119,1.1491711,0.663212,1.3309867,1.482094,1.2347494,0.8857029,0.6428007,1.0122558,0.2880737,0.9982664,1.000791,0.9924429,1.3527755,1.2175063,0.88533616,0.978928,0.949383,1.011599,1.289804
1893,1.2369003,1.0228086,1.3303971,0.8736218,0.7484255,1.0769407,1.1525506,1.0156938,0.6003376,2.282404,1.0274912,0.99505365,1.0270863,1.826132,1.2628924,1.048229,1.0106114,1.0844914,1.0030282,0.6908878
1894,1.4596012,1.6879513,1.4577112,1.1741388,0.88713694,1.5555114,1.6637993,1.5812069,1.1444128,2.79101,1.0517231,0.9929222,0.998282,2.182334,1.203355,2.1577656,1.0084262,1.0360062,1.0028056,0.46927822
1895,1.3498218,1.8286548,0.92354894,0.9587733,1.1951544,1.5146297,1.2922587,1.8656145,1.2608442,2.468987,1.0227029,0.9826892,0.98200536,2.283442,1.2002776,0.60511684,0.99721795,1.0551478,0.9994004,1.1406534
1896,1.7636101,1.1472342,1.5873754,1.6028147,1.6760534,1.295528,0.9763681,0.9589889,1.4241322,1.1445684,1.0848953,1.001273,0.9606842,1.534082,1.1160322,1.9000609,0.95626366,0.78460246,1.0304861,1.4120295
1897,0.928029,1.1902761,0.6704914,1.0667822,0.9059408,1.1750599,0.95859784,1.0202179,0.8364075,1.511994,0.95426106,0.9944796,0.9959979,2.6507826,1.2506998,1.2803124,0.9981539,1.0768113,1.0111421,0.9094089
1898,1.8521898,1.5703588,1.6385207,0.9399993,1.760122,1.6362516,0.4419557,1.3433104,0.9310231,2.4935255,1.0509089,0.9940626,1.0107726,2.1336436,1.1595289,1.9499567,0.9900935,1.0129569,1.0394378,0.6809418
1899,1.4169748,1.5608549,1.2700498,1.3208811,1.3554556,1.413926,1.5786663,1.064943,1.2851796,0.51872337,1.0405785,1.0032209,0.96303934,1.5731405,1.1643617,2.014908,0.9683805,0.875582,1.0209236,1.4403446
1900,0.7725753,1.225702,1.0552831,1.1628158,1.830129,1.1428994,0.7799526,0.9918456,1.739149,1.7399949,1.0567511,1.0056307,1.065905,0.81872594,1.1818974,1.1614631,1.0185022,1.1555998,1.001805,0.30318263
1901,1.6866221,1.1914878,1.9577811,1.1758077,1.5765365,0.89414924,1.5417242,1.7207408,1.623223,1.9159924,1.0799052,1.004479,1.0098011,2.5718699,1.0834652,0.2475492,0.9888218,0.8884506,0.9690665,1.468432
1902,0.93721336,0.836778,1.0686038,1.26812,1.5462745,0.7612743,0.9997354,1.7737819,2.0232673,1.7285451,0.98969,0.99335754,0.967145,2.6315413,1.113926,1.1726532,0.989318,1.0427381,0.99192595,1.014491
1903,0.9891084,0.93074566,1.5835018,1.2053026,1.3885168,1.6156621,1.0763716,0.50850534,0.83245134,0.7290157,1.0165452,0.99193645,0.97011054,2.723074,1.2137315,2.3745677,0.98381203,0.9433596,1.0189253,1.2601581
1904,1.7391791,1.9437337,1.0586412,1.0326872,1.7111533,1.019751,1.5798941,1.0953928,0.9352423,1.2269166,1.0324903,1.009202,0.9962473,1.97942,1.2158306,1.1375799,0.97194344,0.8906369,1.013361,1.2838619
1905,1.6155202,1.5939875,0.767481,0.80484074,0.75556463,1.0828308,1.0178608,1.5002896,0.6166121,0.54839003,1.0035003,1.0203348,1.0238028,0.5200168,1.1932224,2.0208523,0.9774209,1.0118933,1.0319343,1.0258944
1906,0.8367507,1.3327315,0.8167395,1.022093,1.6754732,0.63801783,1.5384111,0.95844555,1.3379751,2.2069569,1.0123464,1.001631,1.0154856,2.537549,1.2834455,1.785526,1.0049747,1.0994272,0.9924532,0.41146398
1907,1.351768,1.0453467,1.4290743,1.4079084,0.8435699,1.2144841,1.3270558,0.94083333,1.094417,0.59436095,1.0421748,1.0082742,1.0056751,1.0726906,1.1435392,0.62778723,0.9841888,0.8893112,1.0013279,1.3973203
1908,1.0933213,1.4096134,0.9767749,0.76384854,1.3892759,0.91848034,1.3673302,1.0038903,0.711835,1.4410161,1.0063295,1.0092309,1.0344191,1.9471272,1.2750025,2.4620214,1.0037042,1.091879,1.0040058,0.48318484
1909,0.9320839,1.4146323,0.45199692,1.2186193,0.92941165,1.6098819,0.7939963,1.1202075,0.9013009,1.0381421,1.009206,0.9901274,1.0069852,0.54409826,1.226466,0.3126296,0.9963127,1.042698,1.0099192,1.1162419
1910,1.3304079,1.551738,1.6111042,1.5599717,1.5558156,1.8918566,1.6927912,0.97910684,1.5563705,0.5555686,1.0530071,0.9920614,0.929548,2.7400098,1.1346143,3.0167625,0.9655663,0.8231676,1.020749,1.6233203
1911,0.51428586,1.5579686,0.45203102,1.3036317,0.73850816,2.0106018,0.8142974,1.990081,1.1580651,2.5636268,1.0723193,0.99695796,1.0663674,0.3397869,1.2137916,1.7801056,1.030696,1.1792114,0.97071135,-0.056394577
1912,2.017404,1.6188436,1.197453,1.2791026,1.2954898,1.4258808,0.6738198,1.5041287,0.96758413,1.9431874,1.026948,1.0033331,0.98958987,2.6584206,1.1325109,1.8093088,0.9680892,0.8775364,1.0306163,1.2138239
1913,0.47627026,0.93791825,1.2291818,1.4649262,1.5211765,1.0573784,1.585465,1.5860674,2.1286824,1.9106513,1.0815773,1.0038542,1.0430031,1.2593669,1.1416503,2.6413832,1.026054,1.1045775,0.9531419,0.09353371
1914,1.2135038,0.9281519,1.5182831,1.2933376,1.5213075,1.7397124,0.46890146,1.1145836,1.0557199,2.6515713,1.113726,0.9771185,1.03216,0.6577476,1.18494,0.5925541,1.014705,1.0274804,0.99382234,0.6496465
1915,1.4994459,2.0577788,0.5561802,1.4782333,0.9573029,1.5407208,1.780674,0.47069746,0.74382925,2.0564811,1.049953,0.9885265,0.9935204,1.6885654,1.322583,1.4137121,0.9924485,0.92842656,1.0211328,0.98037404
1916,1.5135827,1.3778622,1.2408893,1.0001999,1.2032675,1.3287839,0.919238,1.2000489,0.7828566,1.5212239,1.0263937,0.9995186,1.0240166,0.7130487,1.1908342,1.469856,1.0018309,1.0384653,1.0202271,0.6126784
1917,1.4572523,1.39112,1.2056408,0.98032707,1.4625376,1.3374592,0.8736022,1.1598487,0.770803,1.3361038,1.0552357,0.9985898,1.0160335,0.9291512,1.1980338,0.3663523,0.98572224,0.9611904,1.0081977,1.2260854
1918,1.523037,1.399993,1.0721505,1.7456186,0.76893806,1.0769552,1.9088988,1.3349551,1.7128453,1.6415459,1.0553013,0.99896365,0.9818306,0.84438145,1.1577561,1.5997137,0.9961387,0.93355364,1.0055099,0.8203422
1919,1.8291664,1.7554927,1.2884974,1.2433152,0.8474598,1.1458875,1.9209173,1.4430109,1.2456965,1.2650152,1.0472702,1.0092074,0.9799378,1.1910754,1.1693698,2.3035693,0.9787792,0.91869056,1.024185,1.0563717
1920,1.0564635,1.0413439,1.377177,1.1528877,0.89465725,1.2344257,1.2581114,1.541154,1.3793472,0.6385094,0.9978228,1.002782,0.99446976,1.3813682,1.1093048,0.46780363,0.9943645,1.0035429,0.99207985,1.2920997
1921,0.6198749,0.5881396,1.1774652,1.6588049,0.5662993,1.607031,1.3792357,1.6859404,1.2788513,2.4775753,1.0644876,0.9755542,0.98989594,1.1454383,1.2330468,0.84787786,1.0352335,1.1124008,0.96941245,0.39510876
1922,0.9026901,1.2945375,1.1092489,1.4774618,1.1322585,1.9975268,0.9990404,0.7088432,0.9695556,1.4951874,1.0097684,0.97936124,1.0265305,1.237377,1.2031722,1.3910496,1.0324593,1.0766146,0.9985815,0.4350298
1923,1.6114066,1.9525814,0.7934249,1.4484559,1.2542218,1.2170082,1.6989279,1.1885976,1.3060629,1.0227305,1.0189648,1.0074404,0.9821048,2.0417056,1.1765013,1.2504206,0.9722883,0.86413604,1.010567,1.3930576
1924,1.1858227,0.9627693,0.8055804,1.5208759,1.5301304,0.9938273,0.6870483,1.302343,1.6187723,1.1226636,1.0157925,1.0060017,1.0216999,1.6831723,1.1212965,2.5615017,0.9948144,0.99832845,1.0030681,0.6735826
1925,0.8117567,1.2287362,1.3073008,1.2155683,1.7265795,0.9635884,1.8268489,0.88457626,1.7330165,0.77975655,1.0031602,0.9973884,0.9521381,2.7311568,1.1958339,1.4235644,0.98136663,0.9728197,1.0012289,1.3285887
1926,1.6410744,1.6462312,0.7975823,1.0561559,0.78464353,0.87314385,1.4627258,1.5055164,1.0844338,1.4972807,1.0073553,1.0095887,0.98526144,1.5258673,1.2039135,1.4389387,0.9739426,0.9732862,1.0251575,1.1251621
1927,0.7558262,1.6100976,1.0722227,1.2691214,1.1335629,1.7327772,1.7211924,1.6124696,1.6972673,1.0742694,0.973814,0.9861056,0.99726224,1.8462929,1.1369113,1.6937637,1.0286849,1.1244956,0.980884,0.66464007
1928,1.1189218,1.3997829,0.47660977,0.86162835,0.58394265,0.91171974,1.137696,1.3720173,0.714844,1.3079876,0.9446989,1.0081927,1.0291964,1.7045747,1.2462981,1.4247708,1.0063312,1.1346706,1.0100712,0.6407733
1929,0.95259744,1.1537511,0.39916968,1.5181035,1.6580192,0.87867135,0.9106335,1.1338881,1.7928789,1.3717359,1.0559965,0.9957599,0.99734825,0.7237557,1.1925166,0.4139336,0.98136437,0.9768616,1.0000108,1.1616957
1930,1.4572124,1.5180941,1.1175354,1.1846312,0.904546,1.4017273,1.1908084,1.5000877,1.0996652,1.9883543,1.0104737,0.99935985,1.0171661,1.9696875,1.1719033,2.2237542,1.0068833,1.0485411,1.0092394,0.5582853
1931,1.1608369,1.2303638,0.45592964,1.0795782,1.6271399,0.7513959,0.59134305,1.1536747,1.1926476,2.3669899,1.0185751,0.99802816,1.029136,2.1983113,1.250897,1.0307615,0.99457127,1.0763719,1.0069841,0.73643625
1932,1.6284857,1.4849231,1.6847625,1.2561619,1.7306098,1.058442,1.7191865,1.427132,1.6089466,1.6925594,1.1143726,1.0099028,1.0184083,0.66079557,1.1382909,2.9419072,0.9940533,0.9487424,1.0008315,0.49474716
1933,1.7661736,1.6234577,1.5331168,0.7245086,1.8078711,0.8780946,1.1278192,0.91185474,0.75136375,2.8616612,1.0838633,1.0132258,1.0175883,2.7781062,1.2819263,2.7552822,0.9736384,0.98813415,1.0376408,0.5862475
1934,1.1919513,1.0608077,1.8384552,1.2061896,1.1123785,1.8423861,1.1217078,1.1491125,1.0572524,2.3028078,1.0706162,0.9746352,0.9884505,2.2761068,1.1799855,0.2915403,1.0066968,0.9851021,0.989689,1.2744064
1935,1.6570325,0.9800828,1.0252378,0.9958116,0.5736538,0.43191713,1.4354613,1.3008406,0.6367549,0.9773054,1.0127369,1.022709,0.9885304,1.5360278,1.2471285,2.3658524,0.9684486,0.95879054,1.0315806,1.0476911
1936,0.8184174,1.4771779,1.5899627,0.81812704,2.0413387,1.6923081,0.66571826,1.2650793,1.5165095,1.6794289,1.0945513,1.0149709,1.0917625,1.3437063,1.1579312,2.8626668,1.0198563,1.1837146,1.0037191,0.17994255
1937,1.4134858,1.1425192,1.2374825,0.8151578,0.7789439,0.48678583,1.6213074,1.6031493,1.1907697,0.683395,1.0013379,1.0237954,1.014492,1.1936816,1.1620885,2.2420576,0.9866259,1.038821,1.0089948,0.91621524
1938,1.4693112,0.8119462,1.6674294,1.5482264,0.69698435,1.6925415,1.1348596,1.6108023,0.9744303,1.9702226,1.0651865,0.9829582,0.9564843,2.1177092,1.1683704,0.66331863,0.9923913,0.9150839,1.0011542,1.35109
1939,1.1674418,1.0561488,1.6356399,1.1241057,0.9484968,1.3097686,1.2661376,1.5447066,1.2128991,1.8858491,1.0902586,1.0107874,1.05035,0.8452748,1.1528573,2.753907,1.0121644,1.0572956,0.9880085,0.2960737
1940,0.9851449,1.090173,1.1910944,1.0099934,0.821473,1.5909878,0.85212797,1.2796527,0.84715664,1.0073398,0.9672438,0.9958374,1.0008955,2.36864,1.1760342,1.8980527,1.0026726,1.074955,1.0103015,0.9590046
1941,0.7602766,1.0112925,1.7012432,1.3071573,0.9712442,1.369804,1.7858493,0.99763685,1.3018384,2.328318,1.1025267,0.9969881,1.038261,0.90492904,1.2226589,1.958545,1.0277005,1.072967,0.97273475,0.15050334
1942,1.6667516,1.3965397,1.7329528,1.0619609,0.7808384,1.3792337,1.6425061,1.502805,0.85379624,1.5024284,1.035732,0.9997491,0.9802467,1.8912064,1.1735926,0.98400176,0.98965776,0.9444431,1.0081735,1.2538753
1943,1.6477501,1.133127,1.6909251,0.84874904,0.7129671,0.98995084,1.4369326,1.507574,0.7117225,1.8802027,1.0331341,1.00625,1.0046358,1.3251413,1.2048804,1.8572638,0.9986214,1.040126,1.0176691,0.6301537
1944,1.9247863,0.9967895,1.6748779,1.147171,0.8681867,0.86553806,1.1200061,1.6204259,1.0909802,2.1162257,1.0246434,1.0101196,0.9895139,2.942634,1.1397767,3.0805175,0.9813187,0.9554945,1.0253378,0.8186686
1945,1.5492795,1.7607603,1.7080162,1.1968355,1.5381589,1.8735446,1.5213783,1.3854254,1.3115201,1.943086,1.0854659,0.9802305,0.9921541,0.41866243,1.153601,0.96989167,1.0092391,0.99440825,1.006021,0.7855268
1946,1.6345344,1.1901727,1.3511875,1.0981638,1.2316672,1.0685364,0.94047445,1.2074077,0.95053416,2.6458788,1.0309446,0.9936942,0.99826694,2.7347035,1.2103064,1.7775307,0.9917696,0.9969189,1.0178213,0.78182757
1947,1.4887819,1.80337,0.6526377,1.0904467,1.2131099,1.3194929,1.0744696,1.174901,0.6676755,1.4622076,1.0216744,1.0040892,1.0351895,1.9366695,1.2271442,0.32274702,0.99013096,0.95614684,0.9967557,1.2900493
1948,1.6725783,1.660192,1.0740767,0.6203683,1.4466095,0.6619229,1.4292856,1.1232189,0.6031966,2.0941782,1.0076184,1.0062586,1.0009322,2.2377172,1.289048,1.7738948,0.98306006,1.030273,1.0267876,0.75261813
1949,0.8927327,0.91877073,1.1337113,1.6777713,1.101515,1.5635289,0.9777972,1.1265343,1.6074878,1.1341914,1.0215913,0.9914805,1.0340393,0.87283576,1.1124703,1.8095837,1.0280794,1.0597457,0.986498,0.44068667
1950,1.7696025,1.951261,0.57803935,1.7677898,1.1766891,1.9148892,0.833886,1.3679976,1.3159513,0.82134974,1.0404906,1.0020925,0.9728789,1.4974333,1.1146826,2.1642082,0.958506,0.81100416,1.0356205,1.4976263
1951,0.6733791,1.1748209,0.76853204,1.9928403,0.9237474,1.1521946,1.9034784,0.65715295,1.7551967,2.8566585,1.0673932,0.9942029,1.0193466,2.8288503,1.2602503,2.70451,1.0199118,1.0035087,0.97086155,0.1964558
1952,0.59879595,1.0038023,0.96955675,1.0288289,1.1483651,1.4276572,0.84315467,1.402332,1.0807889,0.8522892,1.0200803,1.0082899,1.0757797,0.6838714,1.1708866,2.4974484,1.0293021,1.1669796,0.97798866,0.22387344
1953,1.7015378,0.74559504,1.9414785,1.4168589,0.9591894,0.754435,1.4732676,1.1504833,1.4837494,2.0137548,1.0517794,1.0054996,0.9816812,2.6050649,1.1298147,2.6161633,0.9848337,0.9130647,1.0140346,0.8767202
1954,1.5391581,1.4738848,1.6021278,0.82277226,1.4199072,0.6645879,1.9009167,1.8420631,1.5216455,1.4682252,1.0458984,1.0086263,0.9968042,1.5956401,1.1380311,0.39637378,0.9870545,0.97860885,0.9840723,1.2912834
1955,1.632649,1.9255571,0.82997555,1.8094823,1.1288452,1.5745116,1.7909962,0.48931295,1.0825903,2.8601127,1.1411844,0.98790395,1.0178648,0.84270513,1.2941781,1.6511877,0.9994362,0.88213027,1.0073116,0.652879
1956,1.3200407,0.7602518,1.4074049,1.5130495,0.8504647,1.2975847,0.7525702,1.8137621,1.7375169,1.7015108,1.0429977,0.9940975,0.9811961,1.7409523,1.0629394,0.75572324,0.9856953,0.9504498,0.9978612,1.3170068
1957,1.8694749,1.739033,1.3529108,0.94824046,1.8703727,0.9069852,1.2443678,1.0873878,1.2635791,1.1825763,1.0799209,1.0170949,0.9970434,0.8541423,1.1854851,1.9675491,0.9597497,0.9194925,1.0466725,1.1191597
1958,1.2208304,1.6411829,0.21709895,1.3390198,1.5089607,0.8076529,1.0374353,1.5831796,1.5264298,2.5390038,1.0140327,1.006033,1.0139124,2.5962958,1.2217126,2.406076,0.98854417,1.0355091,1.0016859,0.45535496
1959,1.0085974,1.5666246,0.33548778,0.8990494,1.8210492,0.7647099,1.0428827,1.1283553,1.1112769,0.7447187,0.9757294,1.0173451,1.0497346,2.0454164,1.2381694,2.9560525,0.9993931,1.1072805,1.0058239,0.52394766
1960,2.0607057,1.5763464,0.7077097,1.2105007,1.7062818,0.59676546,0.7841205,1.5656661,1.3315598,2.6759074,1.0851991,1.0071303,1.0070046,1.3846291,1.1934448,1.5860147,0.9640455,0.9157715,1.0274974,0.9218335
1961,1.2442465,1.8000913,0.9654333,1.4676406,1.1247658,1.542667,1.798157,1.6063713,1.8142114,0.50730145,1.0240035,0.99758327,0.95195794,0.94008625,1.1151237,1.2241782,0.97726095,0.9221953,1.0087405,1.4427772
1962,1.8152716,1.4917054,1.4786391,0.6873677,1.5924122,1.3226043,0.64695555,1.7950956,0.8234532,0.87622535,1.014143,1.013382,0.99150175,2.2125359,1.1195624,2.751724,0.96329683,0.95317644,1.0344527,1.2555132
1963,0.63033015,0.38652784,1.601274,1.4994308,0.7865149,1.1637844,1.3672237,0.76527005,1.4739742,1.3928776,0.9858496,0.98961484,0.9929739,2.9766755,1.1673799,1.8640997,1.0195118,1.0548897,0.98445034,0.75578636
1964,1.1902554,0.81510633,1.815742,1.702575,0.91211486,1.8492492,1.0690261,1.281856,1.4913638,1.7822932,1.0513339,0.9883455,1.0179398,1.8678308,1.0901878,2.7231011,1.026575,1.0159373,0.9910316,0.43621498
1965,0.84488994,0.9588936,1.4575307,0.7514542,1.4376881,1.0414022,1.2839402,0.71273243,0.710934,1.1444912,1.0209812,0.9957851,1.0367618,0.36300004,1.2576082,0.77388525,1.0223776,1.131604,0.9959709,0.4309102
1966,0.83318955,1.3864787,1.3372085,1.1460614,1.049847,1.5377144,1.5455239,1.2934264,1.1158015,2.4416366,1.0932722,1.0006336,1.0456238,1.1573526,1.2365123,2.365649,1.0209842,1.0912833,0.97871804,0.14032364
1967,1.5195823,1.4220829,1.6940517,1.3492637,1.2691914,1.7897028,1.3849281,0.85350454,1.0052855,2.8175364,1.09098,0.9736626,0.98352194,2.2019482,1.229018,1.173733,1.0037158,0.9499078,1.0073571,0.9682726
1968,1.3272216,0.7429436,1.5733662,1.6384308,0.88069016,0.91695565,1.4923699,0.95018154,1.5619742,1.9214987,1.0375192,1.0023808,1.0105664,2.5670452,1.1476475,2.822285,1.0077409,0.9722423,0.9965275,0.5600107
1969,1.3379896,1.1485417,0.7779431,1.0850215,1.3474163,0.9617259,0.46710676,1.3677288,0.92041475,0.71880925,0.9623359,1.0166912,1.0170474,2.827178,1.145858,1.6037128,0.97414327,0.9626305,1.0104932,1.2478144
1970,0.5680228,1.1776252,0.94352597,1.5768108,0.81524956,1.4801577,1.6780353,1.5039726,1.9641497,0.71256995,0.98830986,0.9932177,1.0325472,0.6590849,1.1031147,1.5237586,1.0432295,1.1423192,0.9658083,0.41666847
1971,1.6972308,1.3021717,1.1397147,1.1473067,0.7211536,0.8905949,1.3640292,1.7722473,0.9952501,1.9441897,1.0364277,1.0082884,1.0123082,2.237843,1.1772271,0.5450382,0.98820806,0.9518121,0.9912489,1.2908406
1972,1.0747583,1.1936355,0.9355616,1.349927,0.84893495,1.0948857,1.4541788,2.0373142,1.7922301,0.97677433,0.9795717,1.008228,1.0233665,1.8281919,1.0916836,2.846347,1.0195111,1.1070621,0.9828552,0.5120774
1973,0.77538234,0.89136404,0.8008525,1.3943443,0.656263,1.3999561,0.7816969,1.2323221,0.7450931,2.945848,1.0692954,1.0016257,1.0398238,2.1933408,1.2859633,2.5709136,1.0093203,1.0749438,0.99009335,0.14693703
1974,0.73846513,0.716971,1.3766901,1.3929055,1.0306824,1.5355953,0.815749,1.4101636,1.5407932,0.47045782,0.9831629,0.9936889,0.9843378,1.7999171,1.0777617,0.45667198,0.99760854,1.0028827,0.9886664,1.3320544
1975,0.71979135,1.6615691,1.0163722,0.8742497,1.5305918,1.4324709,1.7139146,1.2239951,1.1184878,1.1526715,0.98584014,0.99751157,1.0309591,2.243063,1.2349229,2.6854231,1.0278594,1.1559464,0.98200434,0.37838644
1976,1.2486589,1.0325027,1.2460387,1.5096169,1.5551555,0.64498276,1.7979485,1.164941,1.9789665,2.7162554,1.118181,0.98516226,0.9679258,2.1131454,1.2126533,0.34520105,0.9826002,0.90684515,0.97943467,1.3893197
1977,1.0562258,0.83257014,1.4385128,0.92310715,1.2050434,1.1909314,0.88503224,0.60289943,0.546,1.5196602,0.98907715,0.99264634,0.99080455,2.6509404,1.2582855,1.5010973,0.9944048,1.0338233,1.0194031,0.9129361
1978,1.3887055,0.536007,1.3750947,1.5411153,1.1834494,0.8449864,0.60507935,1.1789982,1.4552572,2.5153573,1.0552677,0.99958444,1.0143609,2.196193,1.1431669,1.9978943,0.99464494,0.9746319,1.004754,0.57565707
1979,1.0469551,0.7811454,1.048415,1.6363571,1.5282179,0.8652355,0.85183257,1.3345828,1.8383355,2.4388175,1.061515,1.0020727,1.0205178,2.22688,1.1465582,2.540971,0.99966294,1.0030922,0.9877096,0.3606377
1980,1.6588008,1.3796968,2.1443956,0.64999914,1.3727238,1.1539899,1.648222,1.2824708,0.8169464,2.0670428,1.0714787,0.99780256,1.0034783,0.9908024,1.2054006,1.4752746,1.001473,1.0310986,1.0131469,0.63566065
1981,1.4290602,1.5963397,0.65263706,1.2259312,1.3516119,1.0355664,1.1143183,1.498422,1.3456097,0.64159405,1.0068487,1.0111266,0.98765683,1.1694721,1.150005,1.2877275,0.9681177,0.9344102,1.0178316,1.2935197
1982,0.80808,0.6358765,1.5722024,1.1337636,0.8961024,0.72424453,1.719276,1.0626065,1.3618579,1.0512698,1.0259771,1.0134422,1.04519,1.6604681,1.1785934,2.7881389,1.0224012,1.0955341,0.97639513,0.3851864
1983,0.68078524,1.1041498,1.3398051,1.7864449,1.1122912,1.8128515,1.7299187,0.69899094,1.6714048,2.728846,1.059483,0.96126527,0.98997515,2.6209326,1.2245928,0.6960952,1.0365671,1.0379034,0.966917,0.77209175
1984,2.0199811,1.7286582,1.2836947,1.0326135,1.6996189,0.73796076,1.471194,1.8436091,1.5280398,1.9928845,1.0965073,1.0070742,0.9874637,0.8881432,1.1445999,0.87664557,0.9652161,0.8943293,1.0118562,1.275924
1985,1.526289,1.2190311,1.439681,1.7051933,0.837537,1.3487676,1.8401082,1.6946647,1.6742843,2.2167747,1.0530382,0.9844345,0.91871077,2.819828,1.1619716,1.4394116,0.9797846,0.88491124,1.006109,1.3672261
1986,0.77228314,0.9520139,1.2117946,1.218593,0.9382551,1.2903415,1.2978507,1.1476527,1.3221488,0.3639185,0.990224,0.997593,0.98142266,1.1929531,1.1549002,0.5616437,0.9941413,1.0143857,0.9979746,1.2676699
1987,0.7885893,0.991685,0.9905792,1.1202378,1.2473737,1.1610028,0.98360926,1.5365258,1.4371985,1.1665493,0.95494044,1.0012759,1.0316035,2.8245816,1.1408095,2.7607706,1.0226517,1.147096,0.9839808,0.46824142
1988,1.6647191,1.4178946,1.8323467,1.575499,0.8822354,1.8187982,1.8009367,0.8260514,1.081192,0.94767225,1.0860574,0.9963389,0.96905875,1.1846986,1.1636102,2.6158984,0.9844173,0.84814656,1.025103,1.1826832
1989,1.0226507,1.2715282,1.6684029,0.9320378,1.7845263,1.1186095,1.3487842,1.1253725,1.7017126,1.4994255,1.044479,0.99902123,1.0147595,1.3165904,1.1649957,0.94501805,1.007921,1.1055973,1.0071714,0.74555945
1990,1.8102655,1.485352,1.5477254,1.4956925,1.8564199,1.6787969,0.5700244,0.88809985,1.3540803,2.23759,1.0860996,0.995228,1.0149834,1.7806865,1.13942,2.3183017,0.98961383,0.9348537,1.0382966,0.67188317
1991,1.1056097,0.7735502,1.6071434,0.91053694,0.7010621,1.2208666,1.0592588,1.9045783,1.2070107,1.1710883,1.0091649,0.9963757,0.99490035,0.5754813,1.12103,0.5609242,1.006666,1.1014763,0.99966466,0.90700513
1992,1.1547275,1.4081974,1.5574384,0.935177,1.7506589,1.5416769,1.0470995,1.9667094,1.6566795,0.4496149,1.0032822,0.99959636,0.9732959,1.6381035,1.0577682,1.2319517,0.98366386,1.0082631,1.0027864,1.3457344
1993,1.2818344,1.690958,0.9040926,0.73283726,0.7652637,0.992649,1.5728469,1.8977791,1.0711625,0.47034922,0.95018995,1.0172819,1.005847,1.8019403,1.1528982,1.1677781,0.98926294,1.0573009,1.0012758,1.2106977
1994,1.0356908,0.86762434,1.0835524,1.5741005,1.449247,0.6764502,1.4819719,0.74004406,1.529197,3.122508,1.1634339,0.99603266,1.0326573,0.96507084,1.2779727,1.1811032,0.9993825,0.95815724,0.9754388,0.5512927
1995,1.134496,1.1919174,1.7966561,1.0042098,1.0197712,1.4083375,1.8083405,0.8890702,0.9454967,2.514133,1.0756761,0.97874933,1.0117421,1.4825107,1.2594624,0.5521666,1.0261064,1.0702417,0.9847885,0.7384045
1996,0.9385603,0.9349707,1.6914134,0.9297231,1.8038868,1.1397287,0.8620457,1.4672107,1.5148398,1.6552783,1.0866926,1.0110958,1.0581373,0.87047184,1.1379209,2.3952148,1.0115021,1.1129001,0.99045366,0.26871762
1997,1.7975283,1.49583,1.3290594,1.6394389,1.4994545,1.4557527,1.0550605,1.2525307,1.447704,0.6643785,1.0663048,1.0080204,0.98298717,1.0948561,1.0773491,1.2925333,0.96244663,0.78687865,1.0185095,1.4990113
1998,1.1989837,1.6182668,1.1006551,1.1008761,1.0124602,1.6733698,1.2077824,1.3739063,0.8960782,2.1796412,1.0197642,0.9978493,1.0273119,2.5817523,1.215746,2.8691747,1.0126852,1.0757753,1.0012152,0.42405015
1999,0.8220822,0.89981896,1.0889986,1.4255646,1.6671516,1.3246392,0.6539293,1.2901652,1.9237164,1.9572028,1.0575218,0.9838831,0.98719287,2.1180677,1.1462564,0.28236213,0.9911793,1.0166445,0.9944731,1.2958217
